  1.9640000E+07  1.9620300E+07  1.9600600E+07  1.9581000E+07  1.9561300E+07
  1.9541600E+07  1.9521900E+07  1.9502200E+07  1.9482600E+07  1.9462900E+07
  1.9443200E+07  1.9423500E+07  1.9403800E+07  1.9384200E+07  1.9364500E+07
  1.9344800E+07  1.9325100E+07  1.9305500E+07  1.9285800E+07  1.9266100E+07
  1.9246400E+07  1.9226700E+07  1.9207100E+07  1.9187400E+07  1.9167700E+07
  1.9148000E+07  1.9128300E+07  1.9108700E+07  1.9089000E+07  1.9069300E+07
  1.9049600E+07  1.9029900E+07  1.9010300E+07  1.8990600E+07  1.8970900E+07
  1.8951200E+07  1.8931500E+07  1.8911900E+07  1.8892200E+07  1.8872500E+07
  1.8852800E+07  1.8833100E+07  1.8813500E+07  1.8793800E+07  1.8774100E+07
  1.8754400E+07  1.8734700E+07  1.8715100E+07  1.8695400E+07  1.8675700E+07
  1.8656000E+07  1.8636400E+07  1.8616700E+07  1.8597000E+07  1.8577300E+07
  1.8557600E+07  1.8538000E+07  1.8518300E+07  1.8498600E+07  1.8478900E+07
  1.8459200E+07  1.8439600E+07  1.8419900E+07  1.8400200E+07  1.8380500E+07
  1.8360800E+07  1.8341200E+07  1.8321500E+07  1.8301800E+07  1.8282100E+07
  1.8262400E+07  1.8242800E+07  1.8223100E+07  1.8203400E+07  1.8183700E+07
  1.8164000E+07  1.8144400E+07  1.8124700E+07  1.8105000E+07  1.8085300E+07
  1.8065700E+07  1.8046000E+07  1.8026300E+07  1.8006600E+07  1.7986900E+07
  1.7967300E+07  1.7947600E+07  1.7927900E+07  1.7908200E+07  1.7888500E+07
  1.7868900E+07  1.7849200E+07  1.7829500E+07  1.7809800E+07  1.7790100E+07
  1.7770500E+07  1.7750800E+07  1.7731100E+07  1.7711400E+07  1.7691700E+07
  1.7672100E+07  1.7652400E+07  1.7632700E+07  1.7613000E+07  1.7593300E+07
  1.7573700E+07  1.7554000E+07  1.7534300E+07  1.7514600E+07  1.7494900E+07
  1.7475300E+07  1.7455600E+07  1.7435900E+07  1.7416200E+07  1.7396600E+07
  1.7376900E+07  1.7357200E+07  1.7337500E+07  1.7317800E+07  1.7298200E+07
  1.7278500E+07  1.7258800E+07  1.7239100E+07  1.7219400E+07  1.7199800E+07
  1.7180100E+07  1.7160400E+07  1.7140700E+07  1.7121000E+07  1.7101400E+07
  1.7081700E+07  1.7062000E+07  1.7042300E+07  1.7022600E+07  1.7003000E+07
  1.6983300E+07  1.6963600E+07  1.6943900E+07  1.6924200E+07  1.6904600E+07
  1.6884900E+07  1.6865200E+07  1.6845500E+07  1.6825900E+07  1.6806200E+07
  1.6786500E+07  1.6766800E+07  1.6747101E+07  1.6727501E+07  1.6707800E+07
  1.6688101E+07  1.6668400E+07  1.6648701E+07  1.6629101E+07  1.6609400E+07
  1.6589701E+07  1.6570000E+07  1.6550301E+07  1.6530701E+07  1.6511000E+07
  1.6491301E+07  1.6471600E+07  1.6451900E+07  1.6432301E+07  1.6412600E+07
  1.6392900E+07  1.6373199E+07  1.6353500E+07  1.6333900E+07  1.6314199E+07
  1.6294500E+07  1.6274799E+07  1.6255199E+07  1.6235500E+07  1.6215799E+07
  1.6196100E+07  1.6176399E+07  1.6156799E+07  1.6137100E+07  1.6117399E+07
  1.6097700E+07  1.6077999E+07  1.6058399E+07  1.6038700E+07  1.6018999E+07
  1.5999300E+07  1.5979600E+07  1.5960000E+07  1.5940300E+07  1.5920600E+07
  1.5900900E+07  1.5881200E+07  1.5861600E+07  1.5841900E+07  1.5822200E+07
  1.5802500E+07  1.5782800E+07  1.5763200E+07  1.5743500E+07  1.5723800E+07
  1.5704100E+07  1.5684400E+07  1.5664800E+07  1.5645100E+07  1.5625400E+07
  1.5605700E+07  1.5586100E+07  1.5566400E+07  1.5546700E+07  1.5527000E+07
  1.5507300E+07  1.5487700E+07  1.5468000E+07  1.5448300E+07  1.5428600E+07
  1.5408900E+07  1.5389300E+07  1.5369600E+07  1.5349900E+07  1.5330200E+07
  1.5310500E+07  1.5290900E+07  1.5271200E+07  1.5251500E+07  1.5231800E+07
  1.5212100E+07  1.5192500E+07  1.5172800E+07  1.5153100E+07  1.5133400E+07
  1.5113700E+07  1.5094100E+07  1.5074400E+07  1.5054700E+07  1.5035000E+07
  1.5015400E+07  1.4995700E+07  1.4976000E+07  1.4956300E+07  1.4936600E+07
  1.4917000E+07  1.4897300E+07  1.4877600E+07  1.4857900E+07  1.4838200E+07
  1.4818600E+07  1.4798900E+07  1.4779200E+07  1.4759500E+07  1.4739800E+07
  1.4720200E+07  1.4700500E+07  1.4680800E+07  1.4661100E+07  1.4641400E+07
  1.4621800E+07  1.4602100E+07  1.4582400E+07  1.4562700E+07  1.4543000E+07
  1.4523400E+07  1.4503700E+07  1.4484000E+07  1.4464300E+07  1.4444600E+07
  1.4425000E+07  1.4405300E+07  1.4385600E+07  1.4365900E+07  1.4346300E+07
  1.4326600E+07  1.4306900E+07  1.4287200E+07  1.4267500E+07  1.4247900E+07
  1.4228200E+07  1.4208500E+07  1.4188800E+07  1.4169100E+07  1.4149500E+07
  1.4129800E+07  1.4110100E+07  1.4090400E+07  1.4070700E+07  1.4051100E+07
  1.4031400E+07  1.4011700E+07  1.3992000E+07  1.3972300E+07  1.3952700E+07
  1.3933000E+07  1.3913300E+07  1.3893600E+07  1.3873900E+07  1.3854300E+07
  1.3834600E+07  1.3814900E+07  1.3795200E+07  1.3775600E+07  1.3755900E+07
  1.3736200E+07  1.3716500E+07  1.3696800E+07  1.3677200E+07  1.3657500E+07
  1.3637800E+07  1.3618100E+07  1.3598400E+07  1.3578800E+07  1.3559100E+07
  1.3539400E+07  1.3519700E+07  1.3500000E+07  1.3480400E+07  1.3460700E+07
  1.3441000E+07  1.3421300E+07  1.3401600E+07  1.3382000E+07  1.3362300E+07
  1.3342600E+07  1.3322900E+07  1.3303200E+07  1.3283600E+07  1.3263900E+07
  1.3244200E+07  1.3224500E+07  1.3204800E+07  1.3185200E+07  1.3165500E+07
  1.3145800E+07  1.3126100E+07  1.3106500E+07  1.3086800E+07  1.3067100E+07
  1.3047400E+07  1.3027700E+07  1.3008100E+07  1.2988400E+07  1.2968700E+07
  1.2949000E+07  1.2929300E+07  1.2909700E+07  1.2890000E+07  1.2870300E+07
  1.2850600E+07  1.2830900E+07  1.2811300E+07  1.2791600E+07  1.2771900E+07
  1.2752200E+07  1.2732500E+07  1.2712900E+07  1.2693200E+07  1.2673500E+07
  1.2653800E+07  1.2634100E+07  1.2614500E+07  1.2594800E+07  1.2575100E+07
  1.2555400E+07  1.2535800E+07  1.2516100E+07  1.2496400E+07  1.2476700E+07
  1.2457000E+07  1.2437400E+07  1.2417700E+07  1.2398000E+07  1.2378300E+07
  1.2358600E+07  1.2339000E+07  1.2319300E+07  1.2299600E+07  1.2279900E+07
  1.2260200E+07  1.2240600E+07  1.2220900E+07  1.2201200E+07  1.2181500E+07
  1.2161800E+07  1.2142200E+07  1.2122500E+07  1.2102800E+07  1.2083100E+07
  1.2063400E+07  1.2043800E+07  1.2024100E+07  1.2004400E+07  1.1984700E+07
  1.1965100E+07  1.1945400E+07  1.1925700E+07  1.1906000E+07  1.1886300E+07
  1.1866700E+07  1.1847000E+07  1.1827300E+07  1.1807600E+07  1.1787900E+07
  1.1768300E+07  1.1748600E+07  1.1728900E+07  1.1709200E+07  1.1689500E+07
  1.1669900E+07  1.1650200E+07  1.1630500E+07  1.1610800E+07  1.1591100E+07
  1.1571500E+07  1.1551800E+07  1.1532100E+07  1.1512400E+07  1.1492700E+07
  1.1473100E+07  1.1453400E+07  1.1433700E+07  1.1414000E+07  1.1394300E+07
  1.1374700E+07  1.1355000E+07  1.1335300E+07  1.1315600E+07  1.1296000E+07
  1.1276300E+07  1.1256600E+07  1.1236900E+07  1.1217200E+07  1.1197600E+07
  1.1177900E+07  1.1158200E+07  1.1138500E+07  1.1118800E+07  1.1099200E+07
  1.1079500E+07  1.1059800E+07  1.1040100E+07  1.1020400E+07  1.1000800E+07
  1.0981100E+07  1.0961400E+07  1.0941700E+07  1.0922000E+07  1.0902400E+07
  1.0882700E+07  1.0863000E+07  1.0843300E+07  1.0823600E+07  1.0804000E+07
  1.0784300E+07  1.0764600E+07  1.0744900E+07  1.0725300E+07  1.0705600E+07
  1.0685900E+07  1.0666200E+07  1.0646500E+07  1.0626900E+07  1.0607200E+07
  1.0587500E+07  1.0567800E+07  1.0548100E+07  1.0528500E+07  1.0508800E+07
  1.0489100E+07  1.0469400E+07  1.0449700E+07  1.0430100E+07  1.0410400E+07
  1.0390700E+07  1.0371000E+07  1.0351300E+07  1.0331700E+07  1.0312000E+07
  1.0292300E+07  1.0272600E+07  1.0252900E+07  1.0233300E+07  1.0213600E+07
  1.0193900E+07  1.0174200E+07  1.0154500E+07  1.0134900E+07  1.0115200E+07
  1.0095500E+07  1.0075800E+07  1.0056200E+07  1.0036500E+07  1.0016800E+07
   9997110.       9977430.       9957760.       9938080.       9918400.    
   9898720.       9879040.       9859360.       9839680.       9820000.    
   9800320.       9780640.       9760960.       9741280.       9721600.    
   9701920.       9682240.       9662570.       9642890.       9623210.    
   9603530.       9583850.       9564170.       9544490.       9524810.    
   9505130.       9485450.       9465770.       9446090.       9426410.    
   9406730.       9387050.       9367370.       9347700.       9328020.    
   9308340.       9288660.       9268980.       9249300.       9229620.    
   9209940.       9190260.       9170580.       9150900.       9131220.    
   9111540.       9091860.       9072180.       9052510.       9032830.    
   9013150.       8993470.       8973790.       8954110.       8934430.    
   8914750.       8895070.       8875390.       8855710.       8836030.    
   8816350.       8796670.       8776990.       8757310.       8737640.    
   8717960.       8698280.       8678600.       8658920.       8639240.    
   8619560.       8599880.       8580200.       8560520.       8540840.    
   8521160.       8501480.       8481800.       8462120.       8442440.    
   8422770.       8403090.       8383410.       8363730.       8344050.    
   8324370.       8304690.       8285010.       8265330.       8245650.    
   8225970.       8206290.       8186610.       8166930.       8147250.    
   8127580.       8107900.       8088220.       8068540.       8048860.    
   8029180.       8009500.       7989820.       7970140.       7950460.    
   7930780.       7911100.       7891420.       7871740.       7852060.    
   7832380.       7812710.       7793030.       7773350.       7753670.    
   7733990.       7714310.       7694630.       7674950.       7655270.    
   7635590.       7615910.       7596230.       7576550.       7556870.    
   7537190.       7517520.       7497840.       7478160.       7458480.    
   7438800.       7419120.       7399440.       7379760.       7360080.    
   7340400.       7320720.       7301040.       7281360.       7261680.    
   7242000.       7222320.       7202650.       7182970.       7163290.    
   7143610.       7123930.       7104250.       7084570.       7064890.    
   7045210.       7025530.       7005850.       6986170.       6966490.    
   6946810.       6927130.       6907450.       6887780.       6868100.    
   6848420.       6828740.       6809060.       6789380.       6769700.    
   6750020.       6730340.       6710660.       6690980.       6671300.    
   6651620.       6631940.       6612260.       6592590.       6572910.    
   6553230.       6533550.       6513870.       6494190.       6474510.    
   6454830.       6435150.       6415470.       6395790.       6376110.    
   6356430.       6336750.       6317070.       6297390.       6277720.    
   6258040.       6238360.       6218680.       6199000.       6179320.    
   6159640.       6139960.       6120280.       6100600.       6080920.    
   6061240.       6041560.       6021880.       6002200.       5982530.    
   5962850.       5943170.       5923490.       5903810.       5884130.    
   5864450.       5844770.       5825090.       5805410.       5785730.    
   5766050.       5746370.       5726690.       5707010.       5687330.    
   5667660.       5647980.       5628300.       5608620.       5588940.    
   5569260.       5549580.       5529900.       5510220.       5490540.    
   5470860.       5451180.       5431500.       5411820.       5392140.    
   5372460.       5352790.       5333110.       5313430.       5293750.    
   5274070.       5254390.       5234710.       5215030.       5195350.    
   5175670.       5155990.       5136310.       5116630.       5096950.    
   5077270.       5057600.       5037920.       5018240.       4998560.    
   4978880.       4959200.       4939520.       4919840.       4900160.    
   4880480.       4860800.       4841120.       4821440.       4801760.    
   4782080.       4762400.       4742730.       4723050.       4703370.    
   4683690.       4664010.       4644330.       4624650.       4604970.    
   4585290.       4565610.       4545930.       4526250.       4506570.    
   4486890.       4467210.       4447540.       4427860.       4408180.    
   4388500.       4368820.       4349140.       4329460.       4309780.    
   4290100.       4270420.       4250740.       4231060.       4211380.    
   4191700.       4172020.       4152340.       4132670.       4112990.    
   4093310.       4073630.       4053950.       4034270.       4014590.    
   3994910.       3975230.       3955550.       3935870.       3916190.    
   3896510.       3876830.       3857150.       3837470.       3817800.    
   3798120.       3778440.       3758760.       3739080.       3719400.    
   3699720.       3680040.       3660360.       3640680.       3621000.    
   3601320.       3581640.       3561960.       3542280.       3522610.    
   3502930.       3483250.       3463570.       3443890.       3424210.    
   3404530.       3384850.       3365170.       3345490.       3325810.    
   3306130.       3286450.       3266770.       3247090.       3227410.    
   3207740.       3188060.       3168380.       3148700.       3129020.    
   3109340.       3089660.       3069980.       3050300.       3030620.    
   3010940.       2991260.       2971580.       2951900.       2932220.    
   2912550.       2892870.       2873190.       2853510.       2833830.    
   2814150.       2794470.       2774790.       2755110.       2735430.    
   2715750.       2696070.       2676390.       2656710.       2637030.    
   2617350.       2597680.       2578000.       2558320.       2538640.    
   2518960.       2499280.       2479600.       2459920.       2440240.    
   2420560.       2400880.       2381200.       2361520.       2341840.    
   2322160.       2302480.       2282810.       2263130.       2243450.    
   2223770.       2204090.       2184410.       2164730.       2145050.    
   2125370.       2105690.       2086010.       2066330.       2046650.    
   2026970.       2007290.       1987620.       1967940.       1948260.    
   1928580.       1908900.       1889220.       1869540.       1849860.    
   1830180.       1810500.       1790820.       1771140.       1751460.    
   1731780.       1712100.       1692420.       1672750.       1653070.    
   1633390.       1613710.       1594030.       1574350.       1554670.    
   1534990.       1515310.       1495630.       1475950.       1456270.    
   1436590.       1416910.       1397230.       1377560.       1357880.    
   1338200.       1318520.       1298840.       1279160.       1259480.    
   1239800.       1220120.       1200440.       1180760.       1161080.    
   1141400.       1121720.       1102040.       1082360.       1062690.    
   1043010.       1023330.       1003650.       983968.0       964289.0    
   944609.0       924930.0       905251.0       885571.0       865892.0    
   846212.0       826533.0       806854.0       787174.0       767495.0    
   747816.0       728136.0       708457.0       688778.0       669098.0    
   649419.0       629739.0       610060.0       590381.0       570701.0    
   551022.0       531343.0       511663.0       491984.0       472305.0    
   452625.0       432946.0       413267.0       393587.0       373908.0    
   354228.0       334549.0       314870.0       295190.0       275511.0    
   255832.0       236152.0       216473.0       196794.0       177114.0    
   157435.0       137756.0       118076.0       98396.80       78717.41    
   59038.10       39358.70       19679.40      9.9999997E-06  0.0000000E+00
  1.0025100E-03  1.0035100E-03  1.0045200E-03  1.0055300E-03  1.0065400E-03
  1.0075599E-03  1.0085700E-03  1.0095900E-03  1.0106100E-03  1.0116301E-03
  1.0126600E-03  1.0136800E-03  1.0147101E-03  1.0157400E-03  1.0167800E-03
  1.0178100E-03  1.0188500E-03  1.0198900E-03  1.0209300E-03  1.0219699E-03
  1.0230200E-03  1.0240700E-03  1.0251200E-03  1.0261700E-03  1.0272200E-03
  1.0282800E-03  1.0293400E-03  1.0304000E-03  1.0314600E-03  1.0325200E-03
  1.0335899E-03  1.0346600E-03  1.0357300E-03  1.0368100E-03  1.0378800E-03
  1.0389599E-03  1.0400400E-03  1.0411200E-03  1.0422100E-03  1.0433000E-03
  1.0443900E-03  1.0454800E-03  1.0465700E-03  1.0476700E-03  1.0487700E-03
  1.0498700E-03  1.0509701E-03  1.0520800E-03  1.0531900E-03  1.0543000E-03
  1.0554100E-03  1.0565200E-03  1.0576400E-03  1.0587600E-03  1.0598800E-03
  1.0610101E-03  1.0621300E-03  1.0632600E-03  1.0644000E-03  1.0655300E-03
  1.0666701E-03  1.0678100E-03  1.0689500E-03  1.0700900E-03  1.0712401E-03
  1.0723900E-03  1.0735400E-03  1.0746900E-03  1.0758500E-03  1.0770099E-03
  1.0781700E-03  1.0793300E-03  1.0805000E-03  1.0816701E-03  1.0828400E-03
  1.0840100E-03  1.0851900E-03  1.0863700E-03  1.0875500E-03  1.0887299E-03
  1.0899201E-03  1.0911101E-03  1.0923001E-03  1.0934900E-03  1.0946899E-03
  1.0958900E-03  1.0970900E-03  1.0983000E-03  1.0995100E-03  1.1007200E-03
  1.1019300E-03  1.1031399E-03  1.1043600E-03  1.1055800E-03  1.1068101E-03
  1.1080300E-03  1.1092600E-03  1.1104899E-03  1.1117300E-03  1.1129701E-03
  1.1142100E-03  1.1154501E-03  1.1166900E-03  1.1179399E-03  1.1191900E-03
  1.1204500E-03  1.1217101E-03  1.1229600E-03  1.1242300E-03  1.1254899E-03
  1.1267600E-03  1.1280300E-03  1.1293100E-03  1.1305800E-03  1.1318600E-03
  1.1331399E-03  1.1344299E-03  1.1357201E-03  1.1370101E-03  1.1383001E-03
  1.1395999E-03  1.1409000E-03  1.1422000E-03  1.1435100E-03  1.1448200E-03
  1.1461300E-03  1.1474499E-03  1.1487700E-03  1.1500900E-03  1.1514100E-03
  1.1527400E-03  1.1540700E-03  1.1554000E-03  1.1567400E-03  1.1580799E-03
  1.1594200E-03  1.1607700E-03  1.1621200E-03  1.1634700E-03  1.1648200E-03
  1.1661800E-03  1.1675400E-03  1.1689099E-03  1.1702800E-03  1.1716500E-03
  1.1730200E-03  1.1744000E-03  1.1757800E-03  1.1771600E-03  1.1785500E-03
  1.1799400E-03  1.1813400E-03  1.1827300E-03  1.1841300E-03  1.1855400E-03
  1.1869400E-03  1.1883500E-03  1.1897699E-03  1.1911900E-03  1.1926100E-03
  1.1940300E-03  1.1954600E-03  1.1968900E-03  1.1983200E-03  1.1997600E-03
  1.2011999E-03  1.2026500E-03  1.2040900E-03  1.2055500E-03  1.2070000E-03
  1.2084600E-03  1.2099200E-03  1.2113900E-03  1.2128600E-03  1.2143300E-03
  1.2158100E-03  1.2172899E-03  1.2187700E-03  1.2202600E-03  1.2217500E-03
  1.2232400E-03  1.2247399E-03  1.2262400E-03  1.2277500E-03  1.2292600E-03
  1.2307700E-03  1.2322899E-03  1.2338100E-03  1.2353300E-03  1.2368599E-03
  1.2383900E-03  1.2399300E-03  1.2414700E-03  1.2430100E-03  1.2445600E-03
  1.2461100E-03  1.2476600E-03  1.2492200E-03  1.2507800E-03  1.2523500E-03
  1.2539200E-03  1.2554900E-03  1.2570700E-03  1.2586500E-03  1.2602400E-03
  1.2618300E-03  1.2634200E-03  1.2650200E-03  1.2666200E-03  1.2682300E-03
  1.2698401E-03  1.2714600E-03  1.2730700E-03  1.2747000E-03  1.2763200E-03
  1.2779600E-03  1.2795900E-03  1.2812300E-03  1.2828700E-03  1.2845200E-03
  1.2861700E-03  1.2878299E-03  1.2894900E-03  1.2911600E-03  1.2928300E-03
  1.2945000E-03  1.2961800E-03  1.2978601E-03  1.2995499E-03  1.3012399E-03
  1.3029299E-03  1.3046300E-03  1.3063400E-03  1.3080400E-03  1.3097600E-03
  1.3114800E-03  1.3132000E-03  1.3149200E-03  1.3166600E-03  1.3183900E-03
  1.3201300E-03  1.3218800E-03  1.3236300E-03  1.3253801E-03  1.3271400E-03
  1.3289000E-03  1.3306700E-03  1.3324500E-03  1.3342201E-03  1.3360101E-03
  1.3377900E-03  1.3395800E-03  1.3413799E-03  1.3431800E-03  1.3449900E-03
  1.3468000E-03  1.3486200E-03  1.3504400E-03  1.3522700E-03  1.3540999E-03
  1.3559300E-03  1.3577699E-03  1.3596200E-03  1.3614700E-03  1.3633301E-03
  1.3651900E-03  1.3670500E-03  1.3689300E-03  1.3708000E-03  1.3726800E-03
  1.3745700E-03  1.3764600E-03  1.3783600E-03  1.3802600E-03  1.3821700E-03
  1.3840800E-03  1.3860000E-03  1.3879300E-03  1.3898500E-03  1.3917900E-03
  1.3937301E-03  1.3956700E-03  1.3976200E-03  1.3995800E-03  1.4015400E-03
  1.4035100E-03  1.4054800E-03  1.4074600E-03  1.4094400E-03  1.4114300E-03
  1.4134300E-03  1.4154300E-03  1.4174300E-03  1.4194500E-03  1.4214600E-03
  1.4234900E-03  1.4255201E-03  1.4275500E-03  1.4295900E-03  1.4316400E-03
  1.4336900E-03  1.4357500E-03  1.4378100E-03  1.4398900E-03  1.4419600E-03
  1.4440400E-03  1.4461300E-03  1.4482300E-03  1.4503300E-03  1.4524300E-03
  1.4545500E-03  1.4566600E-03  1.4587900E-03  1.4609200E-03  1.4630600E-03
  1.4652000E-03  1.4673501E-03  1.4695100E-03  1.4716700E-03  1.4738400E-03
  1.4760200E-03  1.4782000E-03  1.4803900E-03  1.4825800E-03  1.4847800E-03
  1.4869900E-03  1.4892000E-03  1.4914200E-03  1.4936500E-03  1.4958900E-03
  1.4981300E-03  1.5003800E-03  1.5026300E-03  1.5048900E-03  1.5071600E-03
  1.5094300E-03  1.5117200E-03  1.5140000E-03  1.5163000E-03  1.5186000E-03
  1.5209100E-03  1.5232300E-03  1.5255500E-03  1.5278800E-03  1.5302200E-03
  1.5325700E-03  1.5349200E-03  1.5372800E-03  1.5396500E-03  1.5420200E-03
  1.5444000E-03  1.5467900E-03  1.5491900E-03  1.5515900E-03  1.5540000E-03
  1.5564200E-03  1.5588501E-03  1.5612800E-03  1.5637201E-03  1.5661700E-03
  1.5686300E-03  1.5710900E-03  1.5735599E-03  1.5760401E-03  1.5785299E-03
  1.5810300E-03  1.5835300E-03  1.5860400E-03  1.5885599E-03  1.5910900E-03
  1.5936299E-03  1.5961700E-03  1.5987200E-03  1.6012799E-03  1.6038500E-03
  1.6064300E-03  1.6090100E-03  1.6116000E-03  1.6142100E-03  1.6168200E-03
  1.6194300E-03  1.6220600E-03  1.6247000E-03  1.6273400E-03  1.6299899E-03
  1.6326500E-03  1.6353200E-03  1.6380000E-03  1.6406900E-03  1.6433900E-03
  1.6460899E-03  1.6488000E-03  1.6515300E-03  1.6542600E-03  1.6570000E-03
  1.6597500E-03  1.6625100E-03  1.6652800E-03  1.6680600E-03  1.6708400E-03
  1.6736400E-03  1.6764500E-03  1.6792601E-03  1.6820900E-03  1.6849200E-03
  1.6877600E-03  1.6906200E-03  1.6934799E-03  1.6963501E-03  1.6992399E-03
  1.7021300E-03  1.7050300E-03  1.7079400E-03  1.7108599E-03  1.7138000E-03
  1.7167400E-03  1.7196900E-03  1.7226500E-03  1.7256300E-03  1.7286100E-03
  1.7316000E-03  1.7346099E-03  1.7376200E-03  1.7406400E-03  1.7436800E-03
  1.7467299E-03  1.7497800E-03  1.7528500E-03  1.7559300E-03  1.7590200E-03
  1.7621100E-03  1.7652300E-03  1.7683500E-03  1.7714800E-03  1.7746200E-03
  1.7777800E-03  1.7809400E-03  1.7841200E-03  1.7873100E-03  1.7905100E-03
  1.7937199E-03  1.7969500E-03  1.8001799E-03  1.8034300E-03  1.8066900E-03
  1.8099600E-03  1.8132400E-03  1.8165300E-03  1.8198401E-03  1.8231500E-03
  1.8264800E-03  1.8298300E-03  1.8331800E-03  1.8365500E-03  1.8399300E-03
  1.8433200E-03  1.8467200E-03  1.8501400E-03  1.8535700E-03  1.8570099E-03
  1.8604700E-03  1.8639300E-03  1.8674100E-03  1.8709101E-03  1.8744100E-03
  1.8779300E-03  1.8814700E-03  1.8850100E-03  1.8885700E-03  1.8921500E-03
  1.8957400E-03  1.8993400E-03  1.9029500E-03  1.9065799E-03  1.9102200E-03
  1.9138800E-03  1.9175500E-03  1.9212300E-03  1.9249300E-03  1.9286399E-03
  1.9323700E-03  1.9361100E-03  1.9398601E-03  1.9436399E-03  1.9474200E-03
  1.9512200E-03  1.9550300E-03  1.9588601E-03  1.9627099E-03  1.9665700E-03
  1.9704399E-03  1.9743301E-03  1.9782400E-03  1.9821599E-03  1.9861001E-03
  1.9900501E-03  1.9940201E-03  1.9980001E-03  2.0020001E-03  2.0060199E-03
  2.0100500E-03  2.0141001E-03  2.0181600E-03  2.0222501E-03  2.0263400E-03
  2.0304599E-03  2.0345901E-03  2.0387401E-03  2.0429001E-03  2.0470801E-03
  2.0512801E-03  2.0554999E-03  2.0597300E-03  2.0639801E-03  2.0682500E-03
  2.0725401E-03  2.0768400E-03  2.0811700E-03  2.0855099E-03  2.0898599E-03
  2.0942399E-03  2.0986400E-03  2.1030500E-03  2.1074801E-03  2.1119299E-03
  2.1164000E-03  2.1208900E-03  2.1253999E-03  2.1299301E-03  2.1344700E-03
  2.1390400E-03  2.1436200E-03  2.1482301E-03  2.1528499E-03  2.1575000E-03
  2.1621599E-03  2.1668500E-03  2.1715499E-03  2.1762799E-03  2.1810301E-03
  2.1857901E-03  2.1905799E-03  2.1953899E-03  2.2002200E-03  2.2050701E-03
  2.2099500E-03  2.2148399E-03  2.2197601E-03  2.2247001E-03  2.2296601E-03
  2.2346401E-03  2.2396401E-03  2.2446699E-03  2.2497200E-03  2.2547899E-03
  2.2598901E-03  2.2650100E-03  2.2701500E-03  2.2753100E-03  2.2805000E-03
  2.2857201E-03  2.2909499E-03  2.2962100E-03  2.3014999E-03  2.3068101E-03
  2.3121401E-03  2.3175001E-03  2.3228801E-03  2.3282899E-03  2.3337200E-03
  2.3391801E-03  2.3446700E-03  2.3501799E-03  2.3557099E-03  2.3612799E-03
  2.3668699E-03  2.3724800E-03  2.3781201E-03  2.3837900E-03  2.3894899E-03
  2.3952101E-03  2.4009601E-03  2.4067401E-03  2.4125499E-03  2.4183800E-03
  2.4242401E-03  2.4301300E-03  2.4360500E-03  2.4420000E-03  2.4479800E-03
  2.4539900E-03  2.4600299E-03  2.4660900E-03  2.4721900E-03  2.4783199E-03
  2.4844699E-03  2.4906599E-03  2.4968800E-03  2.5031299E-03  2.5094100E-03
  2.5157200E-03  2.5220700E-03  2.5284500E-03  2.5348600E-03  2.5412999E-03
  2.5477700E-03  2.5542800E-03  2.5608200E-03  2.5674000E-03  2.5740000E-03
  2.5806499E-03  2.5873201E-03  2.5940400E-03  2.6007800E-03  2.6075600E-03
  2.6143801E-03  2.6212300E-03  2.6281199E-03  2.6350501E-03  2.6420101E-03
  2.6490099E-03  2.6560400E-03  2.6631199E-03  2.6702301E-03  2.6773801E-03
  2.6845699E-03  2.6917900E-03  2.6990599E-03  2.7063601E-03  2.7137101E-03
  2.7210901E-03  2.7285099E-03  2.7359801E-03  2.7434900E-03  2.7510300E-03
  2.7586201E-03  2.7662499E-03  2.7739301E-03  2.7816400E-03  2.7894001E-03
  2.7972001E-03  2.8050500E-03  2.8129399E-03  2.8208799E-03  2.8288600E-03
  2.8368800E-03  2.8449500E-03  2.8530699E-03  2.8612299E-03  2.8694400E-03
  2.8776999E-03  2.8860001E-03  2.8943601E-03  2.9027599E-03  2.9112101E-03
  2.9197100E-03  2.9282600E-03  2.9368601E-03  2.9455100E-03  2.9542099E-03
  2.9629699E-03  2.9717700E-03  2.9806299E-03  2.9895401E-03  2.9984999E-03
  3.0075200E-03  3.0165899E-03  3.0257199E-03  3.0348999E-03  3.0441401E-03
  3.0534400E-03  3.0627900E-03  3.0722001E-03  3.0816700E-03  3.0911900E-03
  3.1007801E-03  3.1104200E-03  3.1201299E-03  3.1298900E-03  3.1397201E-03
  3.1496100E-03  3.1595600E-03  3.1695699E-03  3.1796501E-03  3.1898001E-03
  3.1999999E-03  3.2102801E-03  3.2206101E-03  3.2310199E-03  3.2414901E-03
  3.2520399E-03  3.2626500E-03  3.2733299E-03  3.2840800E-03  3.2949001E-03
  3.3057900E-03  3.3167501E-03  3.3277899E-03  3.3388999E-03  3.3500900E-03
  3.3613499E-03  3.3726799E-03  3.3841000E-03  3.3955900E-03  3.4071601E-03
  3.4188100E-03  3.4305400E-03  3.4423401E-03  3.4542300E-03  3.4662101E-03
  3.4782600E-03  3.4904000E-03  3.5026299E-03  3.5149399E-03  3.5273400E-03
  3.5398300E-03  3.5524000E-03  3.5650700E-03  3.5778200E-03  3.5906699E-03
  3.6036100E-03  3.6166401E-03  3.6297699E-03  3.6429900E-03  3.6563100E-03
  3.6697299E-03  3.6832499E-03  3.6968600E-03  3.7105801E-03  3.7244000E-03
  3.7383200E-03  3.7523501E-03  3.7664799E-03  3.7807201E-03  3.7950701E-03
  3.8095301E-03  3.8240999E-03  3.8387801E-03  3.8535700E-03  3.8684800E-03
  3.8834999E-03  3.8986399E-03  3.9138999E-03  3.9292802E-03  3.9447802E-03
  3.9603999E-03  3.9761500E-03  3.9920202E-03  4.0080198E-03  4.0241499E-03
  4.0404098E-03  4.0568002E-03  4.0733302E-03  4.0899902E-03  4.1067800E-03
  4.1237199E-03  4.1407901E-03  4.1580098E-03  4.1753701E-03  4.1928799E-03
  4.2105298E-03  4.2283400E-03  4.2462898E-03  4.2643999E-03  4.2826599E-03
  4.3010800E-03  4.3196599E-03  4.3384000E-03  4.3573100E-03  4.3763700E-03
  4.3956102E-03  4.4150199E-03  4.4346000E-03  4.4543501E-03  4.4742799E-03
  4.4943900E-03  4.5146798E-03  4.5351600E-03  4.5558200E-03  4.5766700E-03
  4.5977100E-03  4.6189502E-03  4.6403799E-03  4.6620099E-03  4.6838499E-03
  4.7058901E-03  4.7281398E-03  4.7506001E-03  4.7732801E-03  4.7961702E-03
  4.8192898E-03  4.8426199E-03  4.8661898E-03  4.8899902E-03  4.9140099E-03
  4.9382802E-03  4.9627898E-03  4.9875402E-03  5.0125401E-03  5.0377902E-03
  5.0633000E-03  5.0890702E-03  5.1151002E-03  5.1413998E-03  5.1679700E-03
  5.1948200E-03  5.2219401E-03  5.2493601E-03  5.2770600E-03  5.3050499E-03
  5.3333500E-03  5.3619398E-03  5.3908499E-03  5.4200701E-03  5.4496001E-03
  5.4794699E-03  5.5096601E-03  5.5401800E-03  5.5710501E-03  5.6022601E-03
  5.6338198E-03  5.6657400E-03  5.6980201E-03  5.7306699E-03  5.7637002E-03
  5.7971198E-03  5.8309198E-03  5.8651199E-03  5.8997199E-03  5.9347400E-03
  5.9701698E-03  6.0060201E-03  6.0423100E-03  6.0790498E-03  6.1162300E-03
  6.1538699E-03  6.1919698E-03  6.2305499E-03  6.2696100E-03  6.3091698E-03
  6.3492302E-03  6.3898000E-03  6.4308899E-03  6.4725098E-03  6.5146801E-03
  6.5573999E-03  6.6006798E-03  6.6445400E-03  6.6889902E-03  6.7340299E-03
  6.7796898E-03  6.8259700E-03  6.8728798E-03  6.9204401E-03  6.9686701E-03
  7.0175701E-03  7.0671700E-03  7.1174698E-03  7.1684900E-03  7.2202501E-03
  7.2727599E-03  7.3260400E-03  7.3801102E-03  7.4349800E-03  7.4906698E-03
  7.5472100E-03  7.6045999E-03  7.6628700E-03  7.7220500E-03  7.7821398E-03
  7.8431796E-03  7.9051796E-03  7.9681696E-03  8.0321701E-03  8.0972100E-03
  8.1633097E-03  8.2304999E-03  8.2988003E-03  8.3682500E-03  8.4388703E-03
  8.5106902E-03  8.5837403E-03  8.6580599E-03  8.7336795E-03  8.8106301E-03
  8.8889496E-03  8.9686699E-03  9.0498403E-03  9.1324802E-03  9.2166597E-03
  9.3023898E-03  9.3897404E-03  9.4787404E-03  9.5694503E-03  9.6619101E-03
  9.7561702E-03  9.8523004E-03  9.9503295E-03  1.0050300E-02  1.0152400E-02
  1.0256500E-02  1.0362800E-02  1.0471300E-02  1.0582100E-02  1.0695300E-02
  1.0810900E-02  1.0929100E-02  1.1049800E-02  1.1173300E-02  1.1299600E-02
  1.1428700E-02  1.1560800E-02  1.1696000E-02  1.1834500E-02  1.1976200E-02
  1.2121400E-02  1.2270100E-02  1.2422500E-02  1.2578800E-02  1.2739000E-02
  1.2903400E-02  1.3072100E-02  1.3245200E-02  1.3423000E-02  1.3605700E-02
  1.3793300E-02  1.3986200E-02  1.4184600E-02  1.4388700E-02  1.4598800E-02
  1.4815100E-02  1.5037900E-02  1.5267500E-02  1.5504200E-02  1.5748400E-02
  1.6000301E-02  1.6260499E-02  1.6529299E-02  1.6807100E-02  1.7094400E-02
  1.7391700E-02  1.7699599E-02  1.8018501E-02  1.8349100E-02  1.8692100E-02
  1.9048201E-02  1.9418100E-02  1.9802600E-02  2.0202700E-02  2.0619299E-02
  2.1053400E-02  2.1506200E-02  2.1978900E-02  2.2472899E-02  2.2989500E-02
  2.3530500E-02  2.4097599E-02  2.4692601E-02  2.5317799E-02  2.5975499E-02
  2.6668200E-02  2.7399000E-02  2.8170900E-02  2.8987501E-02  2.9852999E-02
  3.0771701E-02  3.1748701E-02  3.2789800E-02  3.3901598E-02  3.5091300E-02
  3.6367599E-02  3.7740301E-02  3.9220698E-02  4.0821999E-02  4.2559601E-02
  4.4451799E-02  4.6519998E-02  4.8790202E-02  5.1293299E-02  5.4067198E-02
  5.7158399E-02  6.0624599E-02  6.4538501E-02  6.8992898E-02  7.4107997E-02
  8.0042697E-02  8.7011397E-02  9.5310196E-02  0.1053610      0.1177830    
  0.1335310      0.1541510      0.1823220      0.2231440      0.2876820    
  0.4054650      0.6931470       21.40030      0.0000000E+00
   1.000000    
 Spectrum for            1           1           1  written
