  1.2498E-01  2.5001E-02  2.4999E-02  4.9998E-02  5.0007E-02  2.4992E-02
  2.4999E-02  2.5004E-02  2.4995E-02  4.9997E-02  2.5011E-02  2.4998E-02
  4.9999E-02  4.9998E-02  5.0003E-02  4.9996E-02  5.0001E-02  5.0001E-02
  4.9999E-02  4.9999E-02  5.0001E-02  5.0000E-02  5.0000E-02  5.0000E-02
  1.6667E-02  3.3333E-02  4.9999E-02  5.0000E-02  5.0000E-02  5.0000E-02
  5.0001E-02  4.9999E-02  4.9999E-02  1.0000E-01  1.0000E-01  9.9999E-02
  5.0000E-02  5.0000E-02  5.0000E-02  4.9998E-02  5.0004E-02  4.9997E-02
  3.3331E-02  8.3358E-03  8.3334E-03  1.6666E-02  3.3337E-02  4.9998E-02
  4.9996E-02  5.0005E-02  4.9996E-02  5.0001E-02  5.0004E-02  5.0000E-02
  4.9995E-02  5.0001E-02  5.0007E-02  4.9996E-02  5.0003E-02  4.9996E-02
  4.9998E-02  1.0000E-01  4.1666E-02  5.8333E-02  5.0000E-02  5.0000E-02
  4.9999E-02  5.0001E-02  5.0000E-02  5.0000E-02  4.9999E-02  5.0000E-02
  5.0001E-02  5.0000E-02  5.0000E-02  4.9999E-02  1.0000E-01  1.0000E-01
  4.9999E-02  4.9999E-02  1.0000E-01  1.0000E-01  1.1601E-02  4.2973E-03
  9.1020E-03  2.5002E-02  5.0000E-02  1.0000E-01  4.9999E-02  4.9998E-02
  5.0004E-02  5.0000E-02  4.9999E-02  5.0001E-02  4.9996E-02  5.0001E-02
  5.0003E-02  4.9998E-02  5.0005E-02  4.9995E-02  5.0003E-02  5.0001E-02
  4.9993E-02  5.0003E-02  1.2500E-01  1.2500E-01  4.7501E-02  3.7099E-02
  9.8735E-02  6.6666E-02  1.7500E-01  7.5000E-02  1.2500E-01  1.2500E-01
  1.7500E-01  7.5001E-02  1.1040E-01  5.4102E-02  3.5500E-02  5.0001E-02
  2.5000E-02  2.5000E-02  7.5000E-02  1.2500E-01  2.5000E-01  2.5000E-01
  9.9996E-02  1.5000E-01  2.5000E-01  2.5000E-01  2.5000E-01  1.5000E-01
  1.0000E-01  1.0000E-01  9.9998E-02  5.0000E-02  5.0001E-02  1.0000E-01
  1.0000E-01  2.5000E-01  2.5000E-01  2.5000E-01  2.5000E-01  2.5000E-01
  2.5000E-01  2.5000E-01  2.5000E-01  2.5000E-01  2.5000E-01  2.5000E-01
  2.5000E-01  2.5000E-01  2.5000E-01  2.5000E-01  2.5000E-01  2.5000E-01
  2.5000E-01  2.5000E-01  2.5000E-01  2.5000E-01  2.5000E-01  2.5000E-01
  2.5000E-01  2.5000E-01  2.5000E-01  2.5000E-01  2.5000E-01  2.5000E-01
  2.5000E-01  2.5000E-01  2.5000E-01  2.5000E-01  2.5000E-01  1.4207E+00
  9.2104E+00
 1.000
Spectrum for            1           1           1  written                                          
