  10010  20040  ALPHA     0- 60 MeV ;    1MeV-steps
  0.2152E-02  0.2992E-02  0.3928E-02  0.4846E-02  0.5749E-02  0.6640E-02
  0.7520E-02  0.8392E-02  0.9257E-02  0.1012E-01  0.1097E-01  0.1182E-01
  0.1267E-01  0.1351E-01  0.1435E-01  0.1518E-01  0.1602E-01  0.1685E-01
  0.1767E-01  0.1849E-01  0.1931E-01  0.2012E-01  0.2093E-01  0.2174E-01
  0.2254E-01  0.2334E-01  0.2413E-01  0.2492E-01  0.2570E-01  0.2647E-01
  0.2725E-01  0.2802E-01  0.2878E-01  0.2954E-01  0.3029E-01  0.3105E-01
  0.3179E-01  0.3254E-01  0.3328E-01  0.3402E-01  0.3475E-01  0.3548E-01
  0.3621E-01  0.3694E-01  0.3766E-01  0.3838E-01  0.3910E-01  0.3982E-01
  0.4054E-01  0.4125E-01  0.4196E-01  0.4267E-01  0.4337E-01  0.4408E-01
  0.4478E-01  0.4548E-01  0.4618E-01  0.4687E-01  0.4757E-01  0.4826E-01
  20040  20040  ALPHA     0- 60 MeV ;    1MeV-steps
  0.3545E-02  0.4262E-02  0.5409E-02  0.6567E-02  0.7732E-02  0.8899E-02
  0.1007E-01  0.1123E-01  0.1239E-01  0.1353E-01  0.1468E-01  0.1581E-01
  0.1693E-01  0.1803E-01  0.1913E-01  0.2022E-01  0.2130E-01  0.2236E-01
  0.2342E-01  0.2447E-01  0.2551E-01  0.2654E-01  0.2756E-01  0.2857E-01
  0.2958E-01  0.3058E-01  0.3158E-01  0.3257E-01  0.3355E-01  0.3453E-01
  0.3551E-01  0.3647E-01  0.3744E-01  0.3840E-01  0.3935E-01  0.4030E-01
  0.4125E-01  0.4219E-01  0.4313E-01  0.4406E-01  0.4499E-01  0.4591E-01
  0.4683E-01  0.4774E-01  0.4866E-01  0.4956E-01  0.5047E-01  0.5136E-01
  0.5226E-01  0.5316E-01  0.5405E-01  0.5494E-01  0.5583E-01  0.5672E-01
  0.5760E-01  0.5848E-01  0.5937E-01  0.6025E-01  0.6113E-01  0.6201E-01
  30070  20040  ALPHA     0- 60 MeV ;    1MeV-steps
  0.9940E-03  0.1225E-02  0.1552E-02  0.1878E-02  0.2202E-02  0.2525E-02
  0.2848E-02  0.3168E-02  0.3487E-02  0.3805E-02  0.4120E-02  0.4432E-02
  0.4742E-02  0.5049E-02  0.5353E-02  0.5653E-02  0.5950E-02  0.6243E-02
  0.6533E-02  0.6819E-02  0.7102E-02  0.7381E-02  0.7656E-02  0.7929E-02
  0.8198E-02  0.8465E-02  0.8728E-02  0.8990E-02  0.9250E-02  0.9508E-02
  0.9764E-02  0.1002E-01  0.1027E-01  0.1053E-01  0.1078E-01  0.1103E-01
  0.1129E-01  0.1154E-01  0.1179E-01  0.1205E-01  0.1230E-01  0.1256E-01
  0.1281E-01  0.1306E-01  0.1332E-01  0.1357E-01  0.1382E-01  0.1407E-01
  0.1432E-01  0.1457E-01  0.1482E-01  0.1506E-01  0.1530E-01  0.1554E-01
  0.1578E-01  0.1601E-01  0.1624E-01  0.1647E-01  0.1669E-01  0.1691E-01
  40090  20040  ALPHA     0- 60 MeV ;    1MeV-steps
  0.3212E-03  0.3921E-03  0.4903E-03  0.5865E-03  0.6811E-03  0.7743E-03
  0.8664E-03  0.9577E-03  0.1048E-02  0.1138E-02  0.1228E-02  0.1316E-02
  0.1405E-02  0.1492E-02  0.1580E-02  0.1666E-02  0.1752E-02  0.1837E-02
  0.1922E-02  0.2006E-02  0.2088E-02  0.2171E-02  0.2252E-02  0.2332E-02
  0.2411E-02  0.2490E-02  0.2568E-02  0.2645E-02  0.2721E-02  0.2796E-02
  0.2871E-02  0.2945E-02  0.3019E-02  0.3092E-02  0.3165E-02  0.3238E-02
  0.3311E-02  0.3383E-02  0.3456E-02  0.3528E-02  0.3601E-02  0.3674E-02
  0.3747E-02  0.3821E-02  0.3895E-02  0.3970E-02  0.4045E-02  0.4120E-02
  0.4195E-02  0.4271E-02  0.4347E-02  0.4422E-02  0.4498E-02  0.4573E-02
  0.4647E-02  0.4721E-02  0.4794E-02  0.4865E-02  0.4934E-02  0.5001E-02
  50110  20040  ALPHA     0- 60 MeV ;    1MeV-steps
  0.2155E-03  0.2729E-03  0.3555E-03  0.4372E-03  0.5178E-03  0.5970E-03
  0.6747E-03  0.7509E-03  0.8256E-03  0.8988E-03  0.9706E-03  0.1041E-02
  0.1110E-02  0.1178E-02  0.1245E-02  0.1311E-02  0.1376E-02  0.1440E-02
  0.1504E-02  0.1567E-02  0.1630E-02  0.1692E-02  0.1754E-02  0.1816E-02
  0.1877E-02  0.1938E-02  0.1999E-02  0.2059E-02  0.2120E-02  0.2180E-02
  0.2240E-02  0.2299E-02  0.2358E-02  0.2417E-02  0.2475E-02  0.2533E-02
  0.2590E-02  0.2647E-02  0.2704E-02  0.2759E-02  0.2815E-02  0.2869E-02
  0.2923E-02  0.2977E-02  0.3030E-02  0.3083E-02  0.3136E-02  0.3188E-02
  0.3240E-02  0.3293E-02  0.3345E-02  0.3398E-02  0.3451E-02  0.3505E-02
  0.3560E-02  0.3615E-02  0.3672E-02  0.3730E-02  0.3789E-02  0.3850E-02
  60120  20040  ALPHA     0- 60 MeV ;    1MeV-steps
  0.2642E-03  0.3218E-03  0.3921E-03  0.4668E-03  0.5443E-03  0.6234E-03
  0.7031E-03  0.7826E-03  0.8614E-03  0.9391E-03  0.1015E-02  0.1090E-02
  0.1163E-02  0.1235E-02  0.1304E-02  0.1373E-02  0.1440E-02  0.1506E-02
  0.1572E-02  0.1636E-02  0.1700E-02  0.1763E-02  0.1827E-02  0.1890E-02
  0.1952E-02  0.2015E-02  0.2078E-02  0.2141E-02  0.2204E-02  0.2267E-02
  0.2329E-02  0.2392E-02  0.2454E-02  0.2517E-02  0.2578E-02  0.2640E-02
  0.2700E-02  0.2760E-02  0.2820E-02  0.2878E-02  0.2936E-02  0.2993E-02
  0.3049E-02  0.3104E-02  0.3158E-02  0.3212E-02  0.3265E-02  0.3318E-02
  0.3370E-02  0.3422E-02  0.3474E-02  0.3527E-02  0.3580E-02  0.3634E-02
  0.3687E-02  0.3743E-02  0.3800E-02  0.3856E-02  0.3915E-02  0.3975E-02
  70140  20040  ALPHA     0- 60 MeV ;    1MeV-steps
  0.7191E-03  0.8348E-03  0.1063E-02  0.1283E-02  0.1496E-02  0.1704E-02
  0.1907E-02  0.2106E-02  0.2302E-02  0.2495E-02  0.2685E-02  0.2873E-02
  0.3058E-02  0.3242E-02  0.3424E-02  0.3604E-02  0.3783E-02  0.3960E-02
  0.4136E-02  0.4310E-02  0.4482E-02  0.4653E-02  0.4823E-02  0.4992E-02
  0.5159E-02  0.5325E-02  0.5490E-02  0.5653E-02  0.5816E-02  0.5978E-02
  0.6139E-02  0.6299E-02  0.6458E-02  0.6617E-02  0.6775E-02  0.6932E-02
  0.7089E-02  0.7246E-02  0.7402E-02  0.7557E-02  0.7712E-02  0.7867E-02
  0.8021E-02  0.8175E-02  0.8328E-02  0.8480E-02  0.8631E-02  0.8781E-02
  0.8931E-02  0.9079E-02  0.9226E-02  0.9372E-02  0.9516E-02  0.9659E-02
  0.9801E-02  0.9942E-02  0.1008E-01  0.1022E-01  0.1036E-01  0.1050E-01
  80160  20040  ALPHA     0- 60 MeV ;    1MeV-steps
  0.5876E-03  0.6675E-03  0.8071E-03  0.9507E-03  0.1097E-02  0.1244E-02
  0.1391E-02  0.1537E-02  0.1683E-02  0.1826E-02  0.1967E-02  0.2107E-02
  0.2244E-02  0.2379E-02  0.2511E-02  0.2642E-02  0.2771E-02  0.2898E-02
  0.3023E-02  0.3147E-02  0.3271E-02  0.3393E-02  0.3514E-02  0.3634E-02
  0.3754E-02  0.3874E-02  0.3993E-02  0.4111E-02  0.4229E-02  0.4347E-02
  0.4464E-02  0.4581E-02  0.4697E-02  0.4813E-02  0.4928E-02  0.5042E-02
  0.5156E-02  0.5269E-02  0.5382E-02  0.5493E-02  0.5604E-02  0.5714E-02
  0.5823E-02  0.5932E-02  0.6040E-02  0.6147E-02  0.6254E-02  0.6361E-02
  0.6468E-02  0.6575E-02  0.6682E-02  0.6789E-02  0.6898E-02  0.7006E-02
  0.7115E-02  0.7225E-02  0.7335E-02  0.7446E-02  0.7556E-02  0.7667E-02
  90190  20040  ALPHA     0- 60 MeV ;    1MeV-steps
  0.7452E-03  0.7686E-03  0.9106E-03  0.1063E-02  0.1222E-02  0.1385E-02
  0.1551E-02  0.1717E-02  0.1883E-02  0.2047E-02  0.2210E-02  0.2369E-02
  0.2526E-02  0.2680E-02  0.2831E-02  0.2980E-02  0.3125E-02  0.3269E-02
  0.3411E-02  0.3551E-02  0.3689E-02  0.3826E-02  0.3962E-02  0.4097E-02
  0.4232E-02  0.4366E-02  0.4499E-02  0.4632E-02  0.4764E-02  0.4896E-02
  0.5027E-02  0.5158E-02  0.5287E-02  0.5416E-02  0.5543E-02  0.5670E-02
  0.5795E-02  0.5919E-02  0.6042E-02  0.6163E-02  0.6283E-02  0.6401E-02
  0.6519E-02  0.6635E-02  0.6750E-02  0.6865E-02  0.6979E-02  0.7094E-02
  0.7208E-02  0.7323E-02  0.7440E-02  0.7557E-02  0.7676E-02  0.7797E-02
  0.7921E-02  0.8046E-02  0.8174E-02  0.8304E-02  0.8433E-02  0.8566E-02
 100200  20040  ALPHA     0- 60 MeV ;    1MeV-steps
  0.6825E-03  0.7129E-03  0.8766E-03  0.1034E-02  0.1187E-02  0.1337E-02
  0.1484E-02  0.1629E-02  0.1773E-02  0.1915E-02  0.2056E-02  0.2196E-02
  0.2335E-02  0.2473E-02  0.2610E-02  0.2746E-02  0.2880E-02  0.3013E-02
  0.3144E-02  0.3274E-02  0.3402E-02  0.3528E-02  0.3653E-02  0.3776E-02
  0.3897E-02  0.4017E-02  0.4135E-02  0.4252E-02  0.4367E-02  0.4482E-02
  0.4596E-02  0.4709E-02  0.4822E-02  0.4935E-02  0.5047E-02  0.5160E-02
  0.5273E-02  0.5387E-02  0.5501E-02  0.5615E-02  0.5730E-02  0.5845E-02
  0.5961E-02  0.6077E-02  0.6193E-02  0.6309E-02  0.6425E-02  0.6541E-02
  0.6655E-02  0.6768E-02  0.6880E-02  0.6990E-02  0.7098E-02  0.7203E-02
  0.7306E-02  0.7406E-02  0.7503E-02  0.7598E-02  0.7689E-02  0.7780E-02
 110230  20040  ALPHA     0- 60 MeV ;    1MeV-steps
  0.6953E-03  0.8225E-03  0.1059E-02  0.1288E-02  0.1510E-02  0.1725E-02
  0.1935E-02  0.2139E-02  0.2337E-02  0.2531E-02  0.2720E-02  0.2906E-02
  0.3088E-02  0.3267E-02  0.3443E-02  0.3616E-02  0.3787E-02  0.3957E-02
  0.4125E-02  0.4291E-02  0.4456E-02  0.4619E-02  0.4781E-02  0.4943E-02
  0.5103E-02  0.5261E-02  0.5419E-02  0.5576E-02  0.5731E-02  0.5885E-02
  0.6038E-02  0.6189E-02  0.6339E-02  0.6487E-02  0.6634E-02  0.6780E-02
  0.6924E-02  0.7067E-02  0.7209E-02  0.7350E-02  0.7490E-02  0.7629E-02
  0.7767E-02  0.7906E-02  0.8044E-02  0.8182E-02  0.8322E-02  0.8461E-02
  0.8602E-02  0.8744E-02  0.8888E-02  0.9033E-02  0.9180E-02  0.9329E-02
  0.9479E-02  0.9631E-02  0.9784E-02  0.9937E-02  0.1009E-01  0.1024E-01
 120240  20040  ALPHA     0- 60 MeV ;    1MeV-steps
  0.4257E-03  0.5028E-03  0.6077E-03  0.7177E-03  0.8306E-03  0.9447E-03
  0.1059E-02  0.1172E-02  0.1283E-02  0.1392E-02  0.1498E-02  0.1602E-02
  0.1703E-02  0.1802E-02  0.1898E-02  0.1992E-02  0.2084E-02  0.2174E-02
  0.2263E-02  0.2351E-02  0.2439E-02  0.2525E-02  0.2612E-02  0.2698E-02
  0.2784E-02  0.2870E-02  0.2957E-02  0.3043E-02  0.3129E-02  0.3216E-02
  0.3302E-02  0.3389E-02  0.3474E-02  0.3560E-02  0.3645E-02  0.3729E-02
  0.3812E-02  0.3894E-02  0.3974E-02  0.4054E-02  0.4132E-02  0.4209E-02
  0.4285E-02  0.4359E-02  0.4432E-02  0.4504E-02  0.4575E-02  0.4645E-02
  0.4716E-02  0.4786E-02  0.4856E-02  0.4926E-02  0.4998E-02  0.5071E-02
  0.5146E-02  0.5222E-02  0.5300E-02  0.5381E-02  0.5464E-02  0.5548E-02
 130270  20040  ALPHA     0- 60 MeV ;    1MeV-steps
  0.2925E-03  0.3477E-03  0.4259E-03  0.5021E-03  0.5766E-03  0.6497E-03
  0.7215E-03  0.7922E-03  0.8619E-03  0.9308E-03  0.9988E-03  0.1066E-02
  0.1132E-02  0.1198E-02  0.1263E-02  0.1327E-02  0.1390E-02  0.1453E-02
  0.1515E-02  0.1576E-02  0.1636E-02  0.1696E-02  0.1755E-02  0.1813E-02
  0.1871E-02  0.1928E-02  0.1985E-02  0.2041E-02  0.2096E-02  0.2152E-02
  0.2207E-02  0.2262E-02  0.2316E-02  0.2371E-02  0.2425E-02  0.2479E-02
  0.2533E-02  0.2587E-02  0.2640E-02  0.2694E-02  0.2747E-02  0.2800E-02
  0.2853E-02  0.2905E-02  0.2957E-02  0.3009E-02  0.3060E-02  0.3110E-02
  0.3159E-02  0.3208E-02  0.3256E-02  0.3303E-02  0.3350E-02  0.3395E-02
  0.3440E-02  0.3485E-02  0.3529E-02  0.3574E-02  0.3619E-02  0.3665E-02
 140280  20040  ALPHA     0- 60 MeV ;    1MeV-steps
  0.3287E-03  0.4103E-03  0.4866E-03  0.5665E-03  0.6485E-03  0.7317E-03
  0.8153E-03  0.8985E-03  0.9808E-03  0.1062E-02  0.1142E-02  0.1219E-02
  0.1296E-02  0.1370E-02  0.1443E-02  0.1514E-02  0.1584E-02  0.1653E-02
  0.1720E-02  0.1787E-02  0.1852E-02  0.1917E-02  0.1982E-02  0.2046E-02
  0.2110E-02  0.2174E-02  0.2238E-02  0.2302E-02  0.2366E-02  0.2430E-02
  0.2494E-02  0.2559E-02  0.2623E-02  0.2687E-02  0.2751E-02  0.2816E-02
  0.2879E-02  0.2943E-02  0.3006E-02  0.3068E-02  0.3130E-02  0.3191E-02
  0.3251E-02  0.3311E-02  0.3369E-02  0.3427E-02  0.3484E-02  0.3540E-02
  0.3595E-02  0.3649E-02  0.3702E-02  0.3755E-02  0.3807E-02  0.3859E-02
  0.3911E-02  0.3962E-02  0.4014E-02  0.4066E-02  0.4118E-02  0.4171E-02
 150310  20040  ALPHA     0- 60 MeV ;    1MeV-steps
  0.4187E-03  0.5241E-03  0.6435E-03  0.7589E-03  0.8708E-03  0.9800E-03
  0.1087E-02  0.1192E-02  0.1295E-02  0.1397E-02  0.1497E-02  0.1596E-02
  0.1694E-02  0.1791E-02  0.1887E-02  0.1982E-02  0.2075E-02  0.2168E-02
  0.2260E-02  0.2350E-02  0.2440E-02  0.2528E-02  0.2616E-02  0.2703E-02
  0.2789E-02  0.2875E-02  0.2960E-02  0.3044E-02  0.3127E-02  0.3211E-02
  0.3294E-02  0.3377E-02  0.3459E-02  0.3542E-02  0.3624E-02  0.3706E-02
  0.3788E-02  0.3870E-02  0.3952E-02  0.4033E-02  0.4115E-02  0.4195E-02
  0.4276E-02  0.4355E-02  0.4434E-02  0.4512E-02  0.4588E-02  0.4664E-02
  0.4737E-02  0.4810E-02  0.4880E-02  0.4949E-02  0.5016E-02  0.5081E-02
  0.5145E-02  0.5207E-02  0.5267E-02  0.5328E-02  0.5388E-02  0.5450E-02
 160320  20040  ALPHA     0- 60 MeV ;    1MeV-steps
  0.3291E-03  0.4253E-03  0.5327E-03  0.6371E-03  0.7389E-03  0.8381E-03
  0.9349E-03  0.1029E-02  0.1122E-02  0.1212E-02  0.1301E-02  0.1388E-02
  0.1474E-02  0.1558E-02  0.1641E-02  0.1722E-02  0.1803E-02  0.1882E-02
  0.1961E-02  0.2038E-02  0.2115E-02  0.2191E-02  0.2267E-02  0.2342E-02
  0.2416E-02  0.2489E-02  0.2562E-02  0.2635E-02  0.2707E-02  0.2779E-02
  0.2850E-02  0.2921E-02  0.2991E-02  0.3061E-02  0.3130E-02  0.3199E-02
  0.3268E-02  0.3337E-02  0.3405E-02  0.3473E-02  0.3540E-02  0.3608E-02
  0.3675E-02  0.3742E-02  0.3809E-02  0.3876E-02  0.3942E-02  0.4009E-02
  0.4075E-02  0.4141E-02  0.4207E-02  0.4273E-02  0.4339E-02  0.4404E-02
  0.4470E-02  0.4535E-02  0.4599E-02  0.4663E-02  0.4726E-02  0.4789E-02
 170350  20040  ALPHA     0- 60 MeV ;    1MeV-steps
  0.4338E-03  0.5289E-03  0.6386E-03  0.7475E-03  0.8552E-03  0.9614E-03
  0.1066E-02  0.1168E-02  0.1269E-02  0.1368E-02  0.1465E-02  0.1560E-02
  0.1654E-02  0.1745E-02  0.1836E-02  0.1925E-02  0.2013E-02  0.2100E-02
  0.2186E-02  0.2272E-02  0.2357E-02  0.2441E-02  0.2525E-02  0.2609E-02
  0.2692E-02  0.2775E-02  0.2858E-02  0.2940E-02  0.3022E-02  0.3104E-02
  0.3186E-02  0.3267E-02  0.3348E-02  0.3429E-02  0.3509E-02  0.3589E-02
  0.3668E-02  0.3746E-02  0.3824E-02  0.3901E-02  0.3978E-02  0.4054E-02
  0.4130E-02  0.4205E-02  0.4279E-02  0.4353E-02  0.4426E-02  0.4499E-02
  0.4572E-02  0.4644E-02  0.4717E-02  0.4789E-02  0.4861E-02  0.4933E-02
  0.5005E-02  0.5076E-02  0.5148E-02  0.5220E-02  0.5291E-02  0.5361E-02
 180400  20040  ALPHA     0- 60 MeV ;    1MeV-steps
  0.5254E-03  0.6346E-03  0.7799E-03  0.9236E-03  0.1065E-02  0.1204E-02
  0.1341E-02  0.1475E-02  0.1606E-02  0.1735E-02  0.1861E-02  0.1984E-02
  0.2104E-02  0.2223E-02  0.2339E-02  0.2453E-02  0.2565E-02  0.2676E-02
  0.2785E-02  0.2892E-02  0.2999E-02  0.3105E-02  0.3209E-02  0.3313E-02
  0.3416E-02  0.3519E-02  0.3621E-02  0.3722E-02  0.3824E-02  0.3924E-02
  0.4024E-02  0.4124E-02  0.4223E-02  0.4322E-02  0.4420E-02  0.4518E-02
  0.4615E-02  0.4711E-02  0.4807E-02  0.4903E-02  0.4998E-02  0.5092E-02
  0.5186E-02  0.5279E-02  0.5372E-02  0.5464E-02  0.5556E-02  0.5648E-02
  0.5739E-02  0.5830E-02  0.5921E-02  0.6012E-02  0.6103E-02  0.6194E-02
  0.6285E-02  0.6376E-02  0.6467E-02  0.6559E-02  0.6650E-02  0.6741E-02
 190390  20040  ALPHA     0- 60 MeV ;    1MeV-steps
  0.9593E-03  0.1092E-02  0.1347E-02  0.1600E-02  0.1849E-02  0.2094E-02
  0.2334E-02  0.2569E-02  0.2799E-02  0.3023E-02  0.3243E-02  0.3457E-02
  0.3667E-02  0.3874E-02  0.4076E-02  0.4276E-02  0.4473E-02  0.4669E-02
  0.4862E-02  0.5054E-02  0.5245E-02  0.5435E-02  0.5624E-02  0.5812E-02
  0.6000E-02  0.6187E-02  0.6373E-02  0.6558E-02  0.6742E-02  0.6925E-02
  0.7107E-02  0.7287E-02  0.7465E-02  0.7642E-02  0.7816E-02  0.7988E-02
  0.8158E-02  0.8326E-02  0.8491E-02  0.8654E-02  0.8815E-02  0.8974E-02
  0.9131E-02  0.9288E-02  0.9443E-02  0.9598E-02  0.9753E-02  0.9908E-02
  0.1006E-01  0.1022E-01  0.1038E-01  0.1055E-01  0.1071E-01  0.1088E-01
  0.1105E-01  0.1123E-01  0.1140E-01  0.1158E-01  0.1176E-01  0.1195E-01
 200400  20040  ALPHA     0- 60 MeV ;    1MeV-steps
  0.5787E-03  0.6490E-03  0.7713E-03  0.8969E-03  0.1025E-02  0.1153E-02
  0.1282E-02  0.1410E-02  0.1536E-02  0.1661E-02  0.1784E-02  0.1904E-02
  0.2022E-02  0.2138E-02  0.2252E-02  0.2363E-02  0.2472E-02  0.2580E-02
  0.2685E-02  0.2789E-02  0.2891E-02  0.2993E-02  0.3093E-02  0.3192E-02
  0.3291E-02  0.3389E-02  0.3487E-02  0.3585E-02  0.3683E-02  0.3780E-02
  0.3877E-02  0.3975E-02  0.4072E-02  0.4169E-02  0.4266E-02  0.4363E-02
  0.4460E-02  0.4556E-02  0.4652E-02  0.4747E-02  0.4841E-02  0.4934E-02
  0.5027E-02  0.5118E-02  0.5208E-02  0.5297E-02  0.5385E-02  0.5471E-02
  0.5556E-02  0.5639E-02  0.5722E-02  0.5802E-02  0.5882E-02  0.5960E-02
  0.6039E-02  0.6116E-02  0.6193E-02  0.6271E-02  0.6348E-02  0.6427E-02
 210450  20040  ALPHA     0- 60 MeV ;    1MeV-steps
  0.3196E-03  0.3715E-03  0.4275E-03  0.4940E-03  0.5675E-03  0.6450E-03
  0.7243E-03  0.8037E-03  0.8819E-03  0.9582E-03  0.1032E-02  0.1103E-02
  0.1171E-02  0.1236E-02  0.1299E-02  0.1360E-02  0.1419E-02  0.1476E-02
  0.1533E-02  0.1589E-02  0.1644E-02  0.1700E-02  0.1756E-02  0.1812E-02
  0.1869E-02  0.1926E-02  0.1984E-02  0.2042E-02  0.2101E-02  0.2160E-02
  0.2218E-02  0.2277E-02  0.2334E-02  0.2391E-02  0.2447E-02  0.2502E-02
  0.2555E-02  0.2607E-02  0.2657E-02  0.2706E-02  0.2752E-02  0.2797E-02
  0.2841E-02  0.2884E-02  0.2926E-02  0.2967E-02  0.3009E-02  0.3051E-02
  0.3094E-02  0.3139E-02  0.3185E-02  0.3236E-02  0.3290E-02  0.3345E-02
  0.3406E-02  0.3473E-02  0.3540E-02  0.3612E-02  0.3686E-02  0.3764E-02
 220480  20040  ALPHA     0- 60 MeV ;    1MeV-steps
  0.2062E-03  0.2405E-03  0.3026E-03  0.3611E-03  0.4166E-03  0.4696E-03
  0.5206E-03  0.5701E-03  0.6182E-03  0.6652E-03  0.7114E-03  0.7567E-03
  0.8014E-03  0.8454E-03  0.8889E-03  0.9318E-03  0.9742E-03  0.1016E-02
  0.1057E-02  0.1098E-02  0.1138E-02  0.1178E-02  0.1217E-02  0.1256E-02
  0.1294E-02  0.1332E-02  0.1369E-02  0.1406E-02  0.1443E-02  0.1479E-02
  0.1515E-02  0.1551E-02  0.1587E-02  0.1622E-02  0.1658E-02  0.1694E-02
  0.1729E-02  0.1765E-02  0.1801E-02  0.1836E-02  0.1872E-02  0.1908E-02
  0.1944E-02  0.1979E-02  0.2014E-02  0.2050E-02  0.2084E-02  0.2119E-02
  0.2153E-02  0.2186E-02  0.2218E-02  0.2251E-02  0.2282E-02  0.2312E-02
  0.2342E-02  0.2371E-02  0.2399E-02  0.2427E-02  0.2454E-02  0.2482E-02
 230510  20040  ALPHA     0- 60 MeV ;    1MeV-steps
  0.1488E-03  0.1754E-03  0.2215E-03  0.2661E-03  0.3092E-03  0.3508E-03
  0.3911E-03  0.4301E-03  0.4680E-03  0.5049E-03  0.5407E-03  0.5757E-03
  0.6099E-03  0.6434E-03  0.6763E-03  0.7085E-03  0.7402E-03  0.7715E-03
  0.8023E-03  0.8328E-03  0.8629E-03  0.8928E-03  0.9224E-03  0.9517E-03
  0.9809E-03  0.1010E-02  0.1039E-02  0.1067E-02  0.1096E-02  0.1124E-02
  0.1152E-02  0.1180E-02  0.1208E-02  0.1236E-02  0.1263E-02  0.1290E-02
  0.1318E-02  0.1345E-02  0.1372E-02  0.1398E-02  0.1425E-02  0.1451E-02
  0.1477E-02  0.1503E-02  0.1529E-02  0.1555E-02  0.1581E-02  0.1606E-02
  0.1632E-02  0.1657E-02  0.1682E-02  0.1708E-02  0.1733E-02  0.1758E-02
  0.1783E-02  0.1808E-02  0.1833E-02  0.1858E-02  0.1883E-02  0.1908E-02
 240520  20040  ALPHA     0- 60 MeV ;    1MeV-steps
  0.1462E-03  0.1661E-03  0.2007E-03  0.2348E-03  0.2685E-03  0.3016E-03
  0.3341E-03  0.3659E-03  0.3972E-03  0.4278E-03  0.4578E-03  0.4872E-03
  0.5160E-03  0.5443E-03  0.5720E-03  0.5993E-03  0.6262E-03  0.6526E-03
  0.6786E-03  0.7044E-03  0.7298E-03  0.7550E-03  0.7799E-03  0.8046E-03
  0.8291E-03  0.8534E-03  0.8775E-03  0.9016E-03  0.9254E-03  0.9492E-03
  0.9728E-03  0.9963E-03  0.1020E-02  0.1043E-02  0.1066E-02  0.1089E-02
  0.1112E-02  0.1135E-02  0.1157E-02  0.1180E-02  0.1202E-02  0.1224E-02
  0.1246E-02  0.1268E-02  0.1290E-02  0.1312E-02  0.1333E-02  0.1355E-02
  0.1376E-02  0.1397E-02  0.1419E-02  0.1440E-02  0.1461E-02  0.1482E-02
  0.1503E-02  0.1524E-02  0.1545E-02  0.1566E-02  0.1587E-02  0.1608E-02
 250550  20040  ALPHA     0- 60 MeV ;    1MeV-steps
  0.1561E-03  0.1709E-03  0.2032E-03  0.2356E-03  0.2680E-03  0.3002E-03
  0.3321E-03  0.3635E-03  0.3944E-03  0.4248E-03  0.4546E-03  0.4839E-03
  0.5125E-03  0.5406E-03  0.5682E-03  0.5952E-03  0.6218E-03  0.6479E-03
  0.6737E-03  0.6991E-03  0.7241E-03  0.7489E-03  0.7734E-03  0.7977E-03
  0.8218E-03  0.8457E-03  0.8695E-03  0.8932E-03  0.9167E-03  0.9401E-03
  0.9634E-03  0.9866E-03  0.1010E-02  0.1033E-02  0.1056E-02  0.1078E-02
  0.1101E-02  0.1124E-02  0.1146E-02  0.1168E-02  0.1190E-02  0.1212E-02
  0.1234E-02  0.1256E-02  0.1277E-02  0.1298E-02  0.1320E-02  0.1341E-02
  0.1362E-02  0.1383E-02  0.1403E-02  0.1424E-02  0.1445E-02  0.1466E-02
  0.1486E-02  0.1507E-02  0.1528E-02  0.1548E-02  0.1569E-02  0.1590E-02
 260560  20040  ALPHA     0- 60 MeV ;    1MeV-steps
  0.1447E-03  0.1596E-03  0.1906E-03  0.2215E-03  0.2522E-03  0.2825E-03
  0.3124E-03  0.3418E-03  0.3707E-03  0.3991E-03  0.4268E-03  0.4540E-03
  0.4807E-03  0.5068E-03  0.5324E-03  0.5575E-03  0.5822E-03  0.6065E-03
  0.6304E-03  0.6540E-03  0.6773E-03  0.7004E-03  0.7232E-03  0.7458E-03
  0.7682E-03  0.7905E-03  0.8126E-03  0.8346E-03  0.8565E-03  0.8782E-03
  0.8999E-03  0.9215E-03  0.9430E-03  0.9643E-03  0.9856E-03  0.1007E-02
  0.1028E-02  0.1049E-02  0.1069E-02  0.1090E-02  0.1111E-02  0.1131E-02
  0.1151E-02  0.1171E-02  0.1191E-02  0.1211E-02  0.1231E-02  0.1250E-02
  0.1270E-02  0.1289E-02  0.1309E-02  0.1328E-02  0.1347E-02  0.1366E-02
  0.1386E-02  0.1405E-02  0.1424E-02  0.1444E-02  0.1463E-02  0.1482E-02
 270590  20040  ALPHA     0- 60 MeV ;    1MeV-steps
  0.1401E-03  0.1516E-03  0.1799E-03  0.2080E-03  0.2359E-03  0.2635E-03
  0.2907E-03  0.3174E-03  0.3436E-03  0.3694E-03  0.3946E-03  0.4192E-03
  0.4434E-03  0.4671E-03  0.4903E-03  0.5131E-03  0.5355E-03  0.5576E-03
  0.5793E-03  0.6007E-03  0.6218E-03  0.6427E-03  0.6634E-03  0.6840E-03
  0.7043E-03  0.7245E-03  0.7446E-03  0.7646E-03  0.7845E-03  0.8042E-03
  0.8239E-03  0.8435E-03  0.8630E-03  0.8824E-03  0.9016E-03  0.9208E-03
  0.9399E-03  0.9589E-03  0.9778E-03  0.9965E-03  0.1015E-02  0.1034E-02
  0.1052E-02  0.1070E-02  0.1088E-02  0.1106E-02  0.1124E-02  0.1142E-02
  0.1160E-02  0.1177E-02  0.1195E-02  0.1212E-02  0.1230E-02  0.1247E-02
  0.1265E-02  0.1282E-02  0.1300E-02  0.1317E-02  0.1335E-02  0.1352E-02
 280580  20040  ALPHA     0- 60 MeV ;    1MeV-steps
  0.1491E-03  0.1563E-03  0.1819E-03  0.2079E-03  0.2340E-03  0.2601E-03
  0.2860E-03  0.3117E-03  0.3370E-03  0.3619E-03  0.3863E-03  0.4103E-03
  0.4338E-03  0.4568E-03  0.4794E-03  0.5015E-03  0.5233E-03  0.5446E-03
  0.5657E-03  0.5864E-03  0.6069E-03  0.6271E-03  0.6471E-03  0.6670E-03
  0.6867E-03  0.7062E-03  0.7257E-03  0.7450E-03  0.7643E-03  0.7834E-03
  0.8025E-03  0.8215E-03  0.8404E-03  0.8593E-03  0.8780E-03  0.8967E-03
  0.9152E-03  0.9337E-03  0.9520E-03  0.9702E-03  0.9883E-03  0.1006E-02
  0.1024E-02  0.1042E-02  0.1059E-02  0.1077E-02  0.1094E-02  0.1111E-02
  0.1128E-02  0.1145E-02  0.1162E-02  0.1179E-02  0.1196E-02  0.1213E-02
  0.1230E-02  0.1247E-02  0.1264E-02  0.1281E-02  0.1298E-02  0.1315E-02
 290630  20040  ALPHA     0- 60 MeV ;    1MeV-steps
  0.1712E-03  0.1749E-03  0.1989E-03  0.2239E-03  0.2497E-03  0.2758E-03
  0.3022E-03  0.3286E-03  0.3548E-03  0.3807E-03  0.4063E-03  0.4314E-03
  0.4561E-03  0.4804E-03  0.5041E-03  0.5274E-03  0.5503E-03  0.5727E-03
  0.5948E-03  0.6165E-03  0.6379E-03  0.6590E-03  0.6800E-03  0.7007E-03
  0.7212E-03  0.7416E-03  0.7619E-03  0.7821E-03  0.8021E-03  0.8221E-03
  0.8421E-03  0.8619E-03  0.8817E-03  0.9014E-03  0.9210E-03  0.9405E-03
  0.9600E-03  0.9793E-03  0.9985E-03  0.1018E-02  0.1036E-02  0.1055E-02
  0.1074E-02  0.1092E-02  0.1111E-02  0.1129E-02  0.1147E-02  0.1165E-02
  0.1183E-02  0.1200E-02  0.1218E-02  0.1236E-02  0.1253E-02  0.1271E-02
  0.1289E-02  0.1306E-02  0.1324E-02  0.1342E-02  0.1360E-02  0.1377E-02
 300640  20040  ALPHA     0- 60 MeV ;    1MeV-steps
  0.2158E-03  0.2180E-03  0.2489E-03  0.2812E-03  0.3144E-03  0.3481E-03
  0.3820E-03  0.4158E-03  0.4494E-03  0.4824E-03  0.5150E-03  0.5470E-03
  0.5783E-03  0.6089E-03  0.6389E-03  0.6683E-03  0.6970E-03  0.7252E-03
  0.7529E-03  0.7802E-03  0.8070E-03  0.8335E-03  0.8597E-03  0.8857E-03
  0.9114E-03  0.9370E-03  0.9625E-03  0.9878E-03  0.1013E-02  0.1038E-02
  0.1063E-02  0.1088E-02  0.1113E-02  0.1138E-02  0.1163E-02  0.1187E-02
  0.1212E-02  0.1236E-02  0.1260E-02  0.1284E-02  0.1308E-02  0.1331E-02
  0.1355E-02  0.1378E-02  0.1401E-02  0.1424E-02  0.1446E-02  0.1469E-02
  0.1491E-02  0.1513E-02  0.1536E-02  0.1558E-02  0.1580E-02  0.1602E-02
  0.1624E-02  0.1646E-02  0.1669E-02  0.1691E-02  0.1714E-02  0.1736E-02
 310690  20040  ALPHA     0- 60 MeV ;    1MeV-steps
  0.2629E-03  0.2722E-03  0.3124E-03  0.3533E-03  0.3947E-03  0.4361E-03
  0.4775E-03  0.5186E-03  0.5592E-03  0.5993E-03  0.6387E-03  0.6775E-03
  0.7156E-03  0.7530E-03  0.7898E-03  0.8259E-03  0.8614E-03  0.8963E-03
  0.9307E-03  0.9646E-03  0.9980E-03  0.1031E-02  0.1064E-02  0.1096E-02
  0.1129E-02  0.1160E-02  0.1192E-02  0.1224E-02  0.1255E-02  0.1286E-02
  0.1318E-02  0.1348E-02  0.1379E-02  0.1410E-02  0.1440E-02  0.1471E-02
  0.1501E-02  0.1531E-02  0.1561E-02  0.1590E-02  0.1620E-02  0.1649E-02
  0.1678E-02  0.1707E-02  0.1735E-02  0.1764E-02  0.1792E-02  0.1820E-02
  0.1848E-02  0.1876E-02  0.1903E-02  0.1931E-02  0.1958E-02  0.1986E-02
  0.2014E-02  0.2041E-02  0.2069E-02  0.2096E-02  0.2124E-02  0.2152E-02
 320740  20040  ALPHA     0- 60 MeV ;    1MeV-steps
  0.2838E-03  0.3051E-03  0.3497E-03  0.3952E-03  0.4414E-03  0.4878E-03
  0.5342E-03  0.5803E-03  0.6259E-03  0.6710E-03  0.7154E-03  0.7591E-03
  0.8021E-03  0.8443E-03  0.8857E-03  0.9263E-03  0.9663E-03  0.1006E-02
  0.1044E-02  0.1082E-02  0.1120E-02  0.1157E-02  0.1194E-02  0.1230E-02
  0.1266E-02  0.1302E-02  0.1338E-02  0.1373E-02  0.1408E-02  0.1443E-02
  0.1478E-02  0.1512E-02  0.1547E-02  0.1581E-02  0.1615E-02  0.1649E-02
  0.1683E-02  0.1717E-02  0.1750E-02  0.1783E-02  0.1816E-02  0.1849E-02
  0.1882E-02  0.1914E-02  0.1946E-02  0.1978E-02  0.2010E-02  0.2041E-02
  0.2072E-02  0.2103E-02  0.2134E-02  0.2165E-02  0.2196E-02  0.2227E-02
  0.2257E-02  0.2288E-02  0.2319E-02  0.2350E-02  0.2381E-02  0.2412E-02
 330750  20040  ALPHA     0- 60 MeV ;    1MeV-steps
  0.2449E-03  0.2820E-03  0.3313E-03  0.3790E-03  0.4253E-03  0.4704E-03
  0.5145E-03  0.5576E-03  0.5999E-03  0.6414E-03  0.6822E-03  0.7224E-03
  0.7619E-03  0.8009E-03  0.8394E-03  0.8773E-03  0.9147E-03  0.9516E-03
  0.9881E-03  0.1024E-02  0.1060E-02  0.1095E-02  0.1129E-02  0.1164E-02
  0.1198E-02  0.1231E-02  0.1265E-02  0.1298E-02  0.1330E-02  0.1363E-02
  0.1395E-02  0.1427E-02  0.1459E-02  0.1491E-02  0.1523E-02  0.1554E-02
  0.1586E-02  0.1617E-02  0.1649E-02  0.1680E-02  0.1711E-02  0.1742E-02
  0.1773E-02  0.1803E-02  0.1834E-02  0.1864E-02  0.1894E-02  0.1924E-02
  0.1953E-02  0.1982E-02  0.2011E-02  0.2040E-02  0.2069E-02  0.2097E-02
  0.2125E-02  0.2153E-02  0.2180E-02  0.2208E-02  0.2237E-02  0.2265E-02
 340800  20040  ALPHA     0- 60 MeV ;    1MeV-steps
  0.3234E-03  0.3596E-03  0.4161E-03  0.4719E-03  0.5268E-03  0.5810E-03
  0.6345E-03  0.6871E-03  0.7390E-03  0.7901E-03  0.8404E-03  0.8900E-03
  0.9388E-03  0.9868E-03  0.1034E-02  0.1081E-02  0.1127E-02  0.1172E-02
  0.1217E-02  0.1261E-02  0.1304E-02  0.1347E-02  0.1390E-02  0.1432E-02
  0.1473E-02  0.1514E-02  0.1555E-02  0.1595E-02  0.1635E-02  0.1675E-02
  0.1714E-02  0.1753E-02  0.1792E-02  0.1831E-02  0.1870E-02  0.1908E-02
  0.1947E-02  0.1985E-02  0.2023E-02  0.2061E-02  0.2099E-02  0.2136E-02
  0.2174E-02  0.2211E-02  0.2248E-02  0.2285E-02  0.2322E-02  0.2359E-02
  0.2395E-02  0.2431E-02  0.2466E-02  0.2502E-02  0.2536E-02  0.2571E-02
  0.2605E-02  0.2638E-02  0.2671E-02  0.2703E-02  0.2735E-02  0.2766E-02
 350790  20040  ALPHA     0- 60 MeV ;    1MeV-steps
  0.4848E-03  0.5179E-03  0.6145E-03  0.7043E-03  0.7888E-03  0.8694E-03
  0.9473E-03  0.1023E-02  0.1098E-02  0.1171E-02  0.1245E-02  0.1317E-02
  0.1390E-02  0.1462E-02  0.1533E-02  0.1605E-02  0.1676E-02  0.1746E-02
  0.1815E-02  0.1883E-02  0.1951E-02  0.2017E-02  0.2082E-02  0.2146E-02
  0.2209E-02  0.2270E-02  0.2330E-02  0.2389E-02  0.2448E-02  0.2505E-02
  0.2561E-02  0.2617E-02  0.2672E-02  0.2727E-02  0.2782E-02  0.2837E-02
  0.2892E-02  0.2947E-02  0.3003E-02  0.3059E-02  0.3116E-02  0.3173E-02
  0.3231E-02  0.3290E-02  0.3349E-02  0.3408E-02  0.3468E-02  0.3528E-02
  0.3588E-02  0.3647E-02  0.3707E-02  0.3765E-02  0.3822E-02  0.3878E-02
  0.3932E-02  0.3985E-02  0.4035E-02  0.4084E-02  0.4131E-02  0.4177E-02
 360840  20040  ALPHA     0- 60 MeV ;    1MeV-steps
  0.5655E-03  0.6431E-03  0.7462E-03  0.8496E-03  0.9526E-03  0.1055E-02
  0.1155E-02  0.1254E-02  0.1352E-02  0.1447E-02  0.1540E-02  0.1632E-02
  0.1721E-02  0.1809E-02  0.1896E-02  0.1980E-02  0.2064E-02  0.2146E-02
  0.2227E-02  0.2308E-02  0.2387E-02  0.2466E-02  0.2544E-02  0.2621E-02
  0.2698E-02  0.2774E-02  0.2850E-02  0.2925E-02  0.3000E-02  0.3074E-02
  0.3148E-02  0.3221E-02  0.3293E-02  0.3365E-02  0.3435E-02  0.3506E-02
  0.3575E-02  0.3644E-02  0.3712E-02  0.3779E-02  0.3846E-02  0.3912E-02
  0.3978E-02  0.4044E-02  0.4109E-02  0.4174E-02  0.4240E-02  0.4306E-02
  0.4372E-02  0.4440E-02  0.4507E-02  0.4576E-02  0.4646E-02  0.4717E-02
  0.4790E-02  0.4863E-02  0.4937E-02  0.5012E-02  0.5087E-02  0.5163E-02
 370850  20040  ALPHA     0- 60 MeV ;    1MeV-steps
  0.8135E-03  0.9818E-03  0.1188E-02  0.1391E-02  0.1588E-02  0.1779E-02
  0.1964E-02  0.2143E-02  0.2317E-02  0.2484E-02  0.2647E-02  0.2804E-02
  0.2957E-02  0.3106E-02  0.3252E-02  0.3395E-02  0.3535E-02  0.3673E-02
  0.3810E-02  0.3945E-02  0.4079E-02  0.4213E-02  0.4346E-02  0.4478E-02
  0.4610E-02  0.4741E-02  0.4873E-02  0.5003E-02  0.5133E-02  0.5263E-02
  0.5391E-02  0.5519E-02  0.5646E-02  0.5771E-02  0.5895E-02  0.6017E-02
  0.6138E-02  0.6257E-02  0.6375E-02  0.6491E-02  0.6605E-02  0.6718E-02
  0.6829E-02  0.6939E-02  0.7049E-02  0.7157E-02  0.7266E-02  0.7374E-02
  0.7483E-02  0.7593E-02  0.7703E-02  0.7816E-02  0.7930E-02  0.8045E-02
  0.8163E-02  0.8283E-02  0.8404E-02  0.8526E-02  0.8649E-02  0.8771E-02
 380880  20040  ALPHA     0- 60 MeV ;    1MeV-steps
  0.4876E-03  0.6087E-03  0.7429E-03  0.8683E-03  0.9864E-03  0.1098E-02
  0.1205E-02  0.1308E-02  0.1407E-02  0.1503E-02  0.1596E-02  0.1688E-02
  0.1778E-02  0.1867E-02  0.1954E-02  0.2041E-02  0.2127E-02  0.2211E-02
  0.2295E-02  0.2379E-02  0.2461E-02  0.2543E-02  0.2625E-02  0.2705E-02
  0.2785E-02  0.2864E-02  0.2943E-02  0.3021E-02  0.3098E-02  0.3174E-02
  0.3250E-02  0.3325E-02  0.3399E-02  0.3473E-02  0.3547E-02  0.3619E-02
  0.3692E-02  0.3764E-02  0.3835E-02  0.3907E-02  0.3977E-02  0.4048E-02
  0.4119E-02  0.4189E-02  0.4258E-02  0.4328E-02  0.4397E-02  0.4467E-02
  0.4536E-02  0.4604E-02  0.4672E-02  0.4740E-02  0.4807E-02  0.4874E-02
  0.4941E-02  0.5006E-02  0.5072E-02  0.5136E-02  0.5200E-02  0.5264E-02
 390890  20040  ALPHA     0- 60 MeV ;    1MeV-steps
  0.2768E-03  0.3268E-03  0.4179E-03  0.4990E-03  0.5721E-03  0.6390E-03
  0.7010E-03  0.7595E-03  0.8153E-03  0.8691E-03  0.9215E-03  0.9730E-03
  0.1024E-02  0.1074E-02  0.1124E-02  0.1174E-02  0.1223E-02  0.1272E-02
  0.1321E-02  0.1369E-02  0.1416E-02  0.1463E-02  0.1509E-02  0.1555E-02
  0.1600E-02  0.1644E-02  0.1687E-02  0.1729E-02  0.1771E-02  0.1812E-02
  0.1853E-02  0.1893E-02  0.1933E-02  0.1973E-02  0.2012E-02  0.2052E-02
  0.2091E-02  0.2131E-02  0.2172E-02  0.2212E-02  0.2253E-02  0.2295E-02
  0.2337E-02  0.2379E-02  0.2422E-02  0.2465E-02  0.2508E-02  0.2551E-02
  0.2595E-02  0.2638E-02  0.2680E-02  0.2721E-02  0.2761E-02  0.2801E-02
  0.2838E-02  0.2874E-02  0.2907E-02  0.2939E-02  0.2968E-02  0.2995E-02
 400900  20040  ALPHA     0- 60 MeV ;    1MeV-steps
  0.1872E-03  0.2320E-03  0.2895E-03  0.3431E-03  0.3933E-03  0.4406E-03
  0.4854E-03  0.5280E-03  0.5689E-03  0.6083E-03  0.6464E-03  0.6835E-03
  0.7196E-03  0.7550E-03  0.7897E-03  0.8239E-03  0.8577E-03  0.8910E-03
  0.9239E-03  0.9566E-03  0.9889E-03  0.1021E-02  0.1053E-02  0.1084E-02
  0.1116E-02  0.1147E-02  0.1177E-02  0.1208E-02  0.1238E-02  0.1268E-02
  0.1298E-02  0.1328E-02  0.1357E-02  0.1386E-02  0.1415E-02  0.1444E-02
  0.1472E-02  0.1500E-02  0.1528E-02  0.1556E-02  0.1584E-02  0.1612E-02
  0.1640E-02  0.1667E-02  0.1694E-02  0.1722E-02  0.1749E-02  0.1776E-02
  0.1803E-02  0.1830E-02  0.1856E-02  0.1883E-02  0.1910E-02  0.1936E-02
  0.1963E-02  0.1989E-02  0.2015E-02  0.2041E-02  0.2067E-02  0.2093E-02
 410930  20040  ALPHA     0- 60 MeV ;    1MeV-steps
  0.1396E-03  0.1685E-03  0.2116E-03  0.2523E-03  0.2909E-03  0.3276E-03
  0.3626E-03  0.3961E-03  0.4281E-03  0.4590E-03  0.4889E-03  0.5177E-03
  0.5458E-03  0.5731E-03  0.5998E-03  0.6259E-03  0.6516E-03  0.6768E-03
  0.7017E-03  0.7262E-03  0.7505E-03  0.7745E-03  0.7983E-03  0.8219E-03
  0.8453E-03  0.8686E-03  0.8917E-03  0.9146E-03  0.9374E-03  0.9601E-03
  0.9826E-03  0.1005E-02  0.1027E-02  0.1049E-02  0.1071E-02  0.1093E-02
  0.1115E-02  0.1136E-02  0.1158E-02  0.1179E-02  0.1200E-02  0.1221E-02
  0.1242E-02  0.1263E-02  0.1283E-02  0.1304E-02  0.1324E-02  0.1344E-02
  0.1365E-02  0.1385E-02  0.1405E-02  0.1425E-02  0.1445E-02  0.1465E-02
  0.1485E-02  0.1505E-02  0.1524E-02  0.1544E-02  0.1564E-02  0.1584E-02
 420980  20040  ALPHA     0- 60 MeV ;    1MeV-steps
  0.1379E-03  0.1555E-03  0.1885E-03  0.2203E-03  0.2511E-03  0.2808E-03
  0.3096E-03  0.3374E-03  0.3643E-03  0.3904E-03  0.4157E-03  0.4403E-03
  0.4642E-03  0.4876E-03  0.5104E-03  0.5327E-03  0.5545E-03  0.5760E-03
  0.5971E-03  0.6180E-03  0.6385E-03  0.6589E-03  0.6790E-03  0.6989E-03
  0.7187E-03  0.7384E-03  0.7579E-03  0.7773E-03  0.7966E-03  0.8158E-03
  0.8349E-03  0.8539E-03  0.8728E-03  0.8916E-03  0.9103E-03  0.9289E-03
  0.9473E-03  0.9656E-03  0.9839E-03  0.1002E-02  0.1020E-02  0.1038E-02
  0.1055E-02  0.1073E-02  0.1090E-02  0.1108E-02  0.1125E-02  0.1142E-02
  0.1159E-02  0.1176E-02  0.1193E-02  0.1210E-02  0.1227E-02  0.1243E-02
  0.1260E-02  0.1277E-02  0.1294E-02  0.1311E-02  0.1328E-02  0.1345E-02
 430970  20040  ALPHA     0- 60 MeV ;    1MeV-steps
  0.1178E-03  0.1392E-03  0.1691E-03  0.1975E-03  0.2247E-03  0.2508E-03
  0.2759E-03  0.3000E-03  0.3233E-03  0.3459E-03  0.3678E-03  0.3891E-03
  0.4099E-03  0.4302E-03  0.4501E-03  0.4696E-03  0.4888E-03  0.5077E-03
  0.5263E-03  0.5447E-03  0.5629E-03  0.5809E-03  0.5987E-03  0.6164E-03
  0.6339E-03  0.6513E-03  0.6685E-03  0.6857E-03  0.7027E-03  0.7196E-03
  0.7364E-03  0.7530E-03  0.7696E-03  0.7861E-03  0.8024E-03  0.8187E-03
  0.8348E-03  0.8508E-03  0.8668E-03  0.8826E-03  0.8983E-03  0.9139E-03
  0.9295E-03  0.9449E-03  0.9603E-03  0.9756E-03  0.9908E-03  0.1006E-02
  0.1021E-02  0.1036E-02  0.1051E-02  0.1066E-02  0.1081E-02  0.1096E-02
  0.1111E-02  0.1125E-02  0.1140E-02  0.1155E-02  0.1170E-02  0.1184E-02
 441020  20040  ALPHA     0- 60 MeV ;    1MeV-steps
  0.1230E-03  0.1396E-03  0.1665E-03  0.1925E-03  0.2176E-03  0.2419E-03
  0.2654E-03  0.2882E-03  0.3102E-03  0.3317E-03  0.3525E-03  0.3729E-03
  0.3927E-03  0.4121E-03  0.4311E-03  0.4497E-03  0.4679E-03  0.4859E-03
  0.5036E-03  0.5211E-03  0.5384E-03  0.5554E-03  0.5723E-03  0.5890E-03
  0.6056E-03  0.6221E-03  0.6384E-03  0.6547E-03  0.6708E-03  0.6868E-03
  0.7027E-03  0.7186E-03  0.7343E-03  0.7500E-03  0.7655E-03  0.7809E-03
  0.7963E-03  0.8115E-03  0.8267E-03  0.8417E-03  0.8567E-03  0.8716E-03
  0.8863E-03  0.9010E-03  0.9156E-03  0.9301E-03  0.9445E-03  0.9588E-03
  0.9731E-03  0.9873E-03  0.1001E-02  0.1016E-02  0.1030E-02  0.1044E-02
  0.1058E-02  0.1072E-02  0.1086E-02  0.1100E-02  0.1114E-02  0.1128E-02
 451030  20040  ALPHA     0- 60 MeV ;    1MeV-steps
  0.1262E-03  0.1429E-03  0.1706E-03  0.1972E-03  0.2228E-03  0.2474E-03
  0.2712E-03  0.2942E-03  0.3164E-03  0.3380E-03  0.3590E-03  0.3794E-03
  0.3993E-03  0.4187E-03  0.4378E-03  0.4565E-03  0.4748E-03  0.4929E-03
  0.5107E-03  0.5282E-03  0.5456E-03  0.5628E-03  0.5798E-03  0.5966E-03
  0.6133E-03  0.6299E-03  0.6463E-03  0.6626E-03  0.6789E-03  0.6950E-03
  0.7110E-03  0.7269E-03  0.7427E-03  0.7584E-03  0.7741E-03  0.7896E-03
  0.8050E-03  0.8203E-03  0.8355E-03  0.8506E-03  0.8656E-03  0.8806E-03
  0.8954E-03  0.9101E-03  0.9248E-03  0.9393E-03  0.9538E-03  0.9682E-03
  0.9826E-03  0.9969E-03  0.1011E-02  0.1025E-02  0.1040E-02  0.1054E-02
  0.1068E-02  0.1082E-02  0.1096E-02  0.1110E-02  0.1124E-02  0.1138E-02
 461060  20040  ALPHA     0- 60 MeV ;    1MeV-steps
  0.1307E-03  0.1498E-03  0.1799E-03  0.2087E-03  0.2363E-03  0.2628E-03
  0.2882E-03  0.3128E-03  0.3365E-03  0.3594E-03  0.3817E-03  0.4033E-03
  0.4243E-03  0.4449E-03  0.4650E-03  0.4847E-03  0.5040E-03  0.5230E-03
  0.5417E-03  0.5602E-03  0.5785E-03  0.5965E-03  0.6144E-03  0.6321E-03
  0.6497E-03  0.6671E-03  0.6844E-03  0.7016E-03  0.7187E-03  0.7357E-03
  0.7525E-03  0.7693E-03  0.7859E-03  0.8024E-03  0.8189E-03  0.8352E-03
  0.8514E-03  0.8675E-03  0.8836E-03  0.8995E-03  0.9153E-03  0.9310E-03
  0.9466E-03  0.9621E-03  0.9775E-03  0.9928E-03  0.1008E-02  0.1023E-02
  0.1038E-02  0.1053E-02  0.1068E-02  0.1083E-02  0.1098E-02  0.1113E-02
  0.1128E-02  0.1143E-02  0.1158E-02  0.1172E-02  0.1187E-02  0.1202E-02
 471070  20040  ALPHA     0- 60 MeV ;    1MeV-steps
  0.1569E-03  0.1715E-03  0.2027E-03  0.2333E-03  0.2633E-03  0.2926E-03
  0.3212E-03  0.3491E-03  0.3762E-03  0.4026E-03  0.4283E-03  0.4532E-03
  0.4776E-03  0.5013E-03  0.5244E-03  0.5471E-03  0.5692E-03  0.5909E-03
  0.6123E-03  0.6333E-03  0.6540E-03  0.6745E-03  0.6947E-03  0.7147E-03
  0.7345E-03  0.7543E-03  0.7738E-03  0.7933E-03  0.8126E-03  0.8319E-03
  0.8510E-03  0.8701E-03  0.8891E-03  0.9080E-03  0.9267E-03  0.9454E-03
  0.9639E-03  0.9824E-03  0.1001E-02  0.1019E-02  0.1037E-02  0.1055E-02
  0.1073E-02  0.1090E-02  0.1108E-02  0.1125E-02  0.1142E-02  0.1159E-02
  0.1176E-02  0.1193E-02  0.1210E-02  0.1227E-02  0.1244E-02  0.1261E-02
  0.1278E-02  0.1294E-02  0.1311E-02  0.1328E-02  0.1345E-02  0.1362E-02
 481140  20040  ALPHA     0- 60 MeV ;    1MeV-steps
  0.1975E-03  0.2174E-03  0.2536E-03  0.2891E-03  0.3239E-03  0.3579E-03
  0.3911E-03  0.4236E-03  0.4553E-03  0.4862E-03  0.5164E-03  0.5459E-03
  0.5747E-03  0.6030E-03  0.6306E-03  0.6577E-03  0.6843E-03  0.7105E-03
  0.7363E-03  0.7617E-03  0.7868E-03  0.8115E-03  0.8360E-03  0.8603E-03
  0.8844E-03  0.9082E-03  0.9319E-03  0.9555E-03  0.9789E-03  0.1002E-02
  0.1025E-02  0.1048E-02  0.1071E-02  0.1094E-02  0.1116E-02  0.1139E-02
  0.1161E-02  0.1183E-02  0.1205E-02  0.1227E-02  0.1249E-02  0.1271E-02
  0.1292E-02  0.1314E-02  0.1335E-02  0.1356E-02  0.1377E-02  0.1398E-02
  0.1418E-02  0.1439E-02  0.1460E-02  0.1480E-02  0.1501E-02  0.1521E-02
  0.1541E-02  0.1562E-02  0.1582E-02  0.1603E-02  0.1623E-02  0.1643E-02
 491150  20040  ALPHA     0- 60 MeV ;    1MeV-steps
  0.2257E-03  0.2503E-03  0.2978E-03  0.3440E-03  0.3888E-03  0.4323E-03
  0.4744E-03  0.5153E-03  0.5549E-03  0.5934E-03  0.6308E-03  0.6672E-03
  0.7026E-03  0.7372E-03  0.7710E-03  0.8041E-03  0.8365E-03  0.8683E-03
  0.8996E-03  0.9305E-03  0.9609E-03  0.9910E-03  0.1021E-02  0.1050E-02
  0.1079E-02  0.1108E-02  0.1137E-02  0.1166E-02  0.1194E-02  0.1222E-02
  0.1251E-02  0.1278E-02  0.1306E-02  0.1334E-02  0.1361E-02  0.1388E-02
  0.1416E-02  0.1442E-02  0.1469E-02  0.1496E-02  0.1522E-02  0.1548E-02
  0.1574E-02  0.1600E-02  0.1626E-02  0.1651E-02  0.1677E-02  0.1702E-02
  0.1727E-02  0.1752E-02  0.1776E-02  0.1801E-02  0.1826E-02  0.1851E-02
  0.1875E-02  0.1900E-02  0.1925E-02  0.1949E-02  0.1974E-02  0.1999E-02
 501200  20040  ALPHA     0- 60 MeV ;    1MeV-steps
  0.2884E-03  0.3189E-03  0.3847E-03  0.4464E-03  0.5046E-03  0.5601E-03
  0.6132E-03  0.6644E-03  0.7139E-03  0.7621E-03  0.8091E-03  0.8551E-03
  0.9002E-03  0.9445E-03  0.9879E-03  0.1031E-02  0.1073E-02  0.1114E-02
  0.1155E-02  0.1195E-02  0.1235E-02  0.1273E-02  0.1312E-02  0.1349E-02
  0.1387E-02  0.1423E-02  0.1460E-02  0.1496E-02  0.1531E-02  0.1566E-02
  0.1601E-02  0.1636E-02  0.1671E-02  0.1705E-02  0.1740E-02  0.1774E-02
  0.1809E-02  0.1843E-02  0.1878E-02  0.1912E-02  0.1947E-02  0.1981E-02
  0.2016E-02  0.2050E-02  0.2084E-02  0.2118E-02  0.2152E-02  0.2185E-02
  0.2217E-02  0.2249E-02  0.2281E-02  0.2311E-02  0.2341E-02  0.2370E-02
  0.2398E-02  0.2425E-02  0.2451E-02  0.2477E-02  0.2502E-02  0.2526E-02
 511210  20040  ALPHA     0- 60 MeV ;    1MeV-steps
  0.2423E-03  0.2809E-03  0.3321E-03  0.3822E-03  0.4312E-03  0.4788E-03
  0.5252E-03  0.5702E-03  0.6140E-03  0.6565E-03  0.6979E-03  0.7381E-03
  0.7773E-03  0.8156E-03  0.8530E-03  0.8896E-03  0.9255E-03  0.9608E-03
  0.9955E-03  0.1030E-02  0.1064E-02  0.1097E-02  0.1130E-02  0.1163E-02
  0.1196E-02  0.1228E-02  0.1260E-02  0.1292E-02  0.1324E-02  0.1355E-02
  0.1387E-02  0.1418E-02  0.1449E-02  0.1479E-02  0.1510E-02  0.1540E-02
  0.1570E-02  0.1600E-02  0.1629E-02  0.1658E-02  0.1687E-02  0.1716E-02
  0.1745E-02  0.1773E-02  0.1801E-02  0.1830E-02  0.1858E-02  0.1885E-02
  0.1913E-02  0.1941E-02  0.1969E-02  0.1997E-02  0.2025E-02  0.2053E-02
  0.2081E-02  0.2109E-02  0.2138E-02  0.2165E-02  0.2193E-02  0.2220E-02
 521300  20040  ALPHA     0- 60 MeV ;    1MeV-steps
  0.2633E-03  0.3014E-03  0.3687E-03  0.4303E-03  0.4873E-03  0.5408E-03
  0.5914E-03  0.6399E-03  0.6867E-03  0.7321E-03  0.7766E-03  0.8201E-03
  0.8630E-03  0.9053E-03  0.9471E-03  0.9883E-03  0.1029E-02  0.1069E-02
  0.1109E-02  0.1148E-02  0.1186E-02  0.1224E-02  0.1261E-02  0.1298E-02
  0.1334E-02  0.1369E-02  0.1404E-02  0.1439E-02  0.1473E-02  0.1507E-02
  0.1540E-02  0.1573E-02  0.1606E-02  0.1639E-02  0.1672E-02  0.1706E-02
  0.1739E-02  0.1772E-02  0.1805E-02  0.1839E-02  0.1872E-02  0.1906E-02
  0.1939E-02  0.1973E-02  0.2006E-02  0.2039E-02  0.2072E-02  0.2104E-02
  0.2135E-02  0.2166E-02  0.2196E-02  0.2225E-02  0.2253E-02  0.2280E-02
  0.2306E-02  0.2331E-02  0.2355E-02  0.2379E-02  0.2403E-02  0.2427E-02
 531270  20040  ALPHA     0- 60 MeV ;    1MeV-steps
  0.3447E-03  0.3930E-03  0.4565E-03  0.5217E-03  0.5874E-03  0.6530E-03
  0.7179E-03  0.7815E-03  0.8437E-03  0.9041E-03  0.9629E-03  0.1020E-02
  0.1075E-02  0.1128E-02  0.1180E-02  0.1231E-02  0.1281E-02  0.1329E-02
  0.1376E-02  0.1423E-02  0.1469E-02  0.1515E-02  0.1560E-02  0.1605E-02
  0.1649E-02  0.1693E-02  0.1738E-02  0.1782E-02  0.1825E-02  0.1869E-02
  0.1912E-02  0.1955E-02  0.1998E-02  0.2040E-02  0.2082E-02  0.2123E-02
  0.2164E-02  0.2204E-02  0.2244E-02  0.2284E-02  0.2323E-02  0.2362E-02
  0.2400E-02  0.2439E-02  0.2477E-02  0.2516E-02  0.2554E-02  0.2593E-02
  0.2633E-02  0.2673E-02  0.2714E-02  0.2755E-02  0.2798E-02  0.2841E-02
  0.2885E-02  0.2929E-02  0.2975E-02  0.3020E-02  0.3063E-02  0.3106E-02
 541320  20040  ALPHA     0- 60 MeV ;    1MeV-steps
  0.5412E-03  0.6279E-03  0.7165E-03  0.8156E-03  0.9212E-03  0.1030E-02
  0.1140E-02  0.1249E-02  0.1355E-02  0.1459E-02  0.1558E-02  0.1654E-02
  0.1745E-02  0.1833E-02  0.1917E-02  0.1997E-02  0.2075E-02  0.2151E-02
  0.2225E-02  0.2298E-02  0.2369E-02  0.2441E-02  0.2512E-02  0.2583E-02
  0.2655E-02  0.2727E-02  0.2800E-02  0.2874E-02  0.2947E-02  0.3021E-02
  0.3096E-02  0.3170E-02  0.3244E-02  0.3317E-02  0.3389E-02  0.3460E-02
  0.3529E-02  0.3597E-02  0.3664E-02  0.3728E-02  0.3790E-02  0.3850E-02
  0.3908E-02  0.3964E-02  0.4019E-02  0.4072E-02  0.4124E-02  0.4176E-02
  0.4227E-02  0.4281E-02  0.4333E-02  0.4390E-02  0.4448E-02  0.4507E-02
  0.4571E-02  0.4639E-02  0.4709E-02  0.4786E-02  0.4863E-02  0.4946E-02
 551330  20040  ALPHA     0- 60 MeV ;    1MeV-steps
  0.8104E-03  0.9945E-03  0.1184E-02  0.1372E-02  0.1557E-02  0.1738E-02
  0.1915E-02  0.2086E-02  0.2252E-02  0.2413E-02  0.2568E-02  0.2718E-02
  0.2864E-02  0.3004E-02  0.3140E-02  0.3273E-02  0.3401E-02  0.3527E-02
  0.3650E-02  0.3771E-02  0.3891E-02  0.4008E-02  0.4125E-02  0.4241E-02
  0.4357E-02  0.4472E-02  0.4587E-02  0.4703E-02  0.4818E-02  0.4934E-02
  0.5049E-02  0.5165E-02  0.5281E-02  0.5397E-02  0.5513E-02  0.5629E-02
  0.5744E-02  0.5859E-02  0.5972E-02  0.6085E-02  0.6197E-02  0.6308E-02
  0.6417E-02  0.6524E-02  0.6630E-02  0.6734E-02  0.6836E-02  0.6937E-02
  0.7036E-02  0.7133E-02  0.7229E-02  0.7322E-02  0.7415E-02  0.7507E-02
  0.7597E-02  0.7687E-02  0.7777E-02  0.7867E-02  0.7957E-02  0.8048E-02
 561380  20040  ALPHA     0- 60 MeV ;    1MeV-steps
  0.4249E-03  0.5269E-03  0.6324E-03  0.7371E-03  0.8400E-03  0.9406E-03
  0.1038E-02  0.1133E-02  0.1225E-02  0.1313E-02  0.1398E-02  0.1480E-02
  0.1559E-02  0.1635E-02  0.1709E-02  0.1781E-02  0.1851E-02  0.1919E-02
  0.1987E-02  0.2053E-02  0.2118E-02  0.2183E-02  0.2247E-02  0.2311E-02
  0.2375E-02  0.2439E-02  0.2503E-02  0.2566E-02  0.2630E-02  0.2694E-02
  0.2758E-02  0.2822E-02  0.2886E-02  0.2949E-02  0.3012E-02  0.3074E-02
  0.3136E-02  0.3197E-02  0.3257E-02  0.3317E-02  0.3375E-02  0.3433E-02
  0.3489E-02  0.3544E-02  0.3598E-02  0.3652E-02  0.3704E-02  0.3755E-02
  0.3806E-02  0.3856E-02  0.3906E-02  0.3955E-02  0.4005E-02  0.4055E-02
  0.4104E-02  0.4155E-02  0.4207E-02  0.4260E-02  0.4314E-02  0.4369E-02
 571390  20040  ALPHA     0- 60 MeV ;    1MeV-steps
  0.2351E-03  0.2836E-03  0.3583E-03  0.4247E-03  0.4846E-03  0.5396E-03
  0.5908E-03  0.6392E-03  0.6856E-03  0.7305E-03  0.7744E-03  0.8176E-03
  0.8602E-03  0.9024E-03  0.9443E-03  0.9858E-03  0.1027E-02  0.1068E-02
  0.1108E-02  0.1148E-02  0.1187E-02  0.1226E-02  0.1263E-02  0.1301E-02
  0.1337E-02  0.1373E-02  0.1408E-02  0.1443E-02  0.1477E-02  0.1510E-02
  0.1544E-02  0.1577E-02  0.1610E-02  0.1642E-02  0.1675E-02  0.1708E-02
  0.1741E-02  0.1775E-02  0.1808E-02  0.1842E-02  0.1876E-02  0.1911E-02
  0.1945E-02  0.1980E-02  0.2014E-02  0.2048E-02  0.2082E-02  0.2115E-02
  0.2147E-02  0.2178E-02  0.2208E-02  0.2237E-02  0.2264E-02  0.2290E-02
  0.2315E-02  0.2336E-02  0.2359E-02  0.2379E-02  0.2399E-02  0.2419E-02
 581400  20040  ALPHA     0- 60 MeV ;    1MeV-steps
  0.2317E-03  0.2899E-03  0.3522E-03  0.4094E-03  0.4626E-03  0.5123E-03
  0.5593E-03  0.6040E-03  0.6468E-03  0.6881E-03  0.7283E-03  0.7674E-03
  0.8057E-03  0.8433E-03  0.8803E-03  0.9169E-03  0.9529E-03  0.9886E-03
  0.1024E-02  0.1059E-02  0.1093E-02  0.1127E-02  0.1161E-02  0.1194E-02
  0.1227E-02  0.1260E-02  0.1292E-02  0.1324E-02  0.1356E-02  0.1387E-02
  0.1418E-02  0.1449E-02  0.1480E-02  0.1510E-02  0.1541E-02  0.1571E-02
  0.1601E-02  0.1631E-02  0.1661E-02  0.1690E-02  0.1720E-02  0.1750E-02
  0.1779E-02  0.1809E-02  0.1838E-02  0.1867E-02  0.1896E-02  0.1925E-02
  0.1953E-02  0.1981E-02  0.2009E-02  0.2037E-02  0.2064E-02  0.2091E-02
  0.2117E-02  0.2144E-02  0.2170E-02  0.2196E-02  0.2223E-02  0.2250E-02
 591410  20040  ALPHA     0- 60 MeV ;    1MeV-steps
  0.2493E-03  0.2871E-03  0.3429E-03  0.3960E-03  0.4467E-03  0.4954E-03
  0.5422E-03  0.5874E-03  0.6311E-03  0.6735E-03  0.7147E-03  0.7549E-03
  0.7942E-03  0.8326E-03  0.8703E-03  0.9073E-03  0.9436E-03  0.9794E-03
  0.1015E-02  0.1049E-02  0.1084E-02  0.1118E-02  0.1151E-02  0.1184E-02
  0.1217E-02  0.1250E-02  0.1282E-02  0.1314E-02  0.1346E-02  0.1378E-02
  0.1409E-02  0.1440E-02  0.1471E-02  0.1502E-02  0.1532E-02  0.1563E-02
  0.1593E-02  0.1623E-02  0.1653E-02  0.1682E-02  0.1712E-02  0.1741E-02
  0.1770E-02  0.1799E-02  0.1828E-02  0.1857E-02  0.1885E-02  0.1914E-02
  0.1942E-02  0.1970E-02  0.1997E-02  0.2025E-02  0.2052E-02  0.2079E-02
  0.2106E-02  0.2134E-02  0.2161E-02  0.2188E-02  0.2215E-02  0.2242E-02
 601420  20040  ALPHA     0- 60 MeV ;    1MeV-steps
  0.2520E-03  0.2867E-03  0.3429E-03  0.3964E-03  0.4475E-03  0.4964E-03
  0.5432E-03  0.5884E-03  0.6319E-03  0.6740E-03  0.7149E-03  0.7546E-03
  0.7933E-03  0.8312E-03  0.8682E-03  0.9045E-03  0.9402E-03  0.9752E-03
  0.1010E-02  0.1044E-02  0.1078E-02  0.1111E-02  0.1144E-02  0.1176E-02
  0.1209E-02  0.1241E-02  0.1273E-02  0.1304E-02  0.1335E-02  0.1366E-02
  0.1397E-02  0.1428E-02  0.1459E-02  0.1489E-02  0.1519E-02  0.1549E-02
  0.1579E-02  0.1608E-02  0.1637E-02  0.1667E-02  0.1696E-02  0.1724E-02
  0.1753E-02  0.1781E-02  0.1810E-02  0.1838E-02  0.1866E-02  0.1894E-02
  0.1921E-02  0.1949E-02  0.1976E-02  0.2003E-02  0.2030E-02  0.2057E-02
  0.2084E-02  0.2110E-02  0.2137E-02  0.2164E-02  0.2191E-02  0.2218E-02
 611480  20040  ALPHA     0- 60 MeV ;    1MeV-steps
  0.2418E-03  0.2844E-03  0.3404E-03  0.3933E-03  0.4435E-03  0.4913E-03
  0.5370E-03  0.5809E-03  0.6231E-03  0.6640E-03  0.7036E-03  0.7422E-03
  0.7798E-03  0.8166E-03  0.8526E-03  0.8881E-03  0.9229E-03  0.9573E-03
  0.9912E-03  0.1025E-02  0.1058E-02  0.1090E-02  0.1123E-02  0.1155E-02
  0.1187E-02  0.1218E-02  0.1249E-02  0.1280E-02  0.1311E-02  0.1341E-02
  0.1372E-02  0.1402E-02  0.1431E-02  0.1461E-02  0.1490E-02  0.1520E-02
  0.1549E-02  0.1577E-02  0.1606E-02  0.1634E-02  0.1663E-02  0.1691E-02
  0.1719E-02  0.1747E-02  0.1774E-02  0.1802E-02  0.1829E-02  0.1857E-02
  0.1884E-02  0.1911E-02  0.1937E-02  0.1964E-02  0.1991E-02  0.2017E-02
  0.2044E-02  0.2070E-02  0.2096E-02  0.2122E-02  0.2148E-02  0.2174E-02
 621520  20040  ALPHA     0- 60 MeV ;    1MeV-steps
  0.2488E-03  0.2877E-03  0.3386E-03  0.3872E-03  0.4339E-03  0.4787E-03
  0.5219E-03  0.5636E-03  0.6040E-03  0.6433E-03  0.6815E-03  0.7187E-03
  0.7551E-03  0.7907E-03  0.8257E-03  0.8601E-03  0.8939E-03  0.9272E-03
  0.9600E-03  0.9924E-03  0.1024E-02  0.1056E-02  0.1088E-02  0.1119E-02
  0.1149E-02  0.1180E-02  0.1210E-02  0.1240E-02  0.1270E-02  0.1299E-02
  0.1329E-02  0.1358E-02  0.1387E-02  0.1415E-02  0.1444E-02  0.1472E-02
  0.1500E-02  0.1528E-02  0.1556E-02  0.1583E-02  0.1611E-02  0.1638E-02
  0.1665E-02  0.1692E-02  0.1718E-02  0.1745E-02  0.1771E-02  0.1798E-02
  0.1824E-02  0.1850E-02  0.1876E-02  0.1902E-02  0.1928E-02  0.1954E-02
  0.1979E-02  0.2005E-02  0.2030E-02  0.2056E-02  0.2081E-02  0.2106E-02
 631530  20040  ALPHA     0- 60 MeV ;    1MeV-steps
  0.3811E-03  0.4058E-03  0.4899E-03  0.5651E-03  0.6335E-03  0.6968E-03
  0.7563E-03  0.8132E-03  0.8681E-03  0.9218E-03  0.9747E-03  0.1027E-02
  0.1079E-02  0.1131E-02  0.1182E-02  0.1233E-02  0.1283E-02  0.1333E-02
  0.1383E-02  0.1431E-02  0.1479E-02  0.1526E-02  0.1572E-02  0.1617E-02
  0.1661E-02  0.1704E-02  0.1746E-02  0.1787E-02  0.1828E-02  0.1868E-02
  0.1907E-02  0.1947E-02  0.1986E-02  0.2025E-02  0.2064E-02  0.2103E-02
  0.2143E-02  0.2183E-02  0.2224E-02  0.2265E-02  0.2307E-02  0.2349E-02
  0.2391E-02  0.2434E-02  0.2476E-02  0.2519E-02  0.2561E-02  0.2603E-02
  0.2643E-02  0.2682E-02  0.2720E-02  0.2757E-02  0.2791E-02  0.2823E-02
  0.2854E-02  0.2882E-02  0.2907E-02  0.2933E-02  0.2955E-02  0.2979E-02
 641580  20040  ALPHA     0- 60 MeV ;    1MeV-steps
  0.2413E-03  0.2712E-03  0.3207E-03  0.3685E-03  0.4145E-03  0.4590E-03
  0.5020E-03  0.5435E-03  0.5838E-03  0.6229E-03  0.6609E-03  0.6978E-03
  0.7339E-03  0.7690E-03  0.8035E-03  0.8372E-03  0.8703E-03  0.9028E-03
  0.9349E-03  0.9664E-03  0.9976E-03  0.1028E-02  0.1059E-02  0.1089E-02
  0.1119E-02  0.1148E-02  0.1178E-02  0.1207E-02  0.1236E-02  0.1265E-02
  0.1293E-02  0.1322E-02  0.1350E-02  0.1378E-02  0.1405E-02  0.1433E-02
  0.1460E-02  0.1488E-02  0.1515E-02  0.1541E-02  0.1568E-02  0.1595E-02
  0.1621E-02  0.1647E-02  0.1673E-02  0.1699E-02  0.1724E-02  0.1750E-02
  0.1775E-02  0.1800E-02  0.1825E-02  0.1850E-02  0.1875E-02  0.1900E-02
  0.1925E-02  0.1950E-02  0.1975E-02  0.2000E-02  0.2024E-02  0.2049E-02
 651590  20040  ALPHA     0- 60 MeV ;    1MeV-steps
  0.2316E-03  0.2751E-03  0.3243E-03  0.3710E-03  0.4155E-03  0.4581E-03
  0.4990E-03  0.5384E-03  0.5765E-03  0.6134E-03  0.6492E-03  0.6842E-03
  0.7183E-03  0.7518E-03  0.7845E-03  0.8167E-03  0.8484E-03  0.8797E-03
  0.9105E-03  0.9409E-03  0.9710E-03  0.1001E-02  0.1030E-02  0.1059E-02
  0.1088E-02  0.1117E-02  0.1145E-02  0.1173E-02  0.1201E-02  0.1229E-02
  0.1256E-02  0.1283E-02  0.1310E-02  0.1337E-02  0.1364E-02  0.1390E-02
  0.1416E-02  0.1442E-02  0.1468E-02  0.1494E-02  0.1520E-02  0.1545E-02
  0.1570E-02  0.1596E-02  0.1621E-02  0.1645E-02  0.1670E-02  0.1695E-02
  0.1719E-02  0.1744E-02  0.1768E-02  0.1793E-02  0.1817E-02  0.1841E-02
  0.1865E-02  0.1889E-02  0.1913E-02  0.1936E-02  0.1960E-02  0.1983E-02
 661640  20040  ALPHA     0- 60 MeV ;    1MeV-steps
  0.2532E-03  0.2741E-03  0.3153E-03  0.3562E-03  0.3964E-03  0.4360E-03
  0.4749E-03  0.5129E-03  0.5500E-03  0.5863E-03  0.6217E-03  0.6562E-03
  0.6899E-03  0.7228E-03  0.7550E-03  0.7865E-03  0.8174E-03  0.8477E-03
  0.8775E-03  0.9068E-03  0.9357E-03  0.9642E-03  0.9923E-03  0.1020E-02
  0.1048E-02  0.1075E-02  0.1102E-02  0.1129E-02  0.1156E-02  0.1183E-02
  0.1209E-02  0.1236E-02  0.1262E-02  0.1288E-02  0.1314E-02  0.1340E-02
  0.1365E-02  0.1391E-02  0.1416E-02  0.1441E-02  0.1466E-02  0.1491E-02
  0.1515E-02  0.1539E-02  0.1564E-02  0.1587E-02  0.1611E-02  0.1635E-02
  0.1658E-02  0.1682E-02  0.1705E-02  0.1728E-02  0.1751E-02  0.1774E-02
  0.1797E-02  0.1821E-02  0.1844E-02  0.1867E-02  0.1890E-02  0.1913E-02
 671650  20040  ALPHA     0- 60 MeV ;    1MeV-steps
  0.2738E-03  0.2913E-03  0.3298E-03  0.3681E-03  0.4062E-03  0.4438E-03
  0.4809E-03  0.5174E-03  0.5531E-03  0.5881E-03  0.6224E-03  0.6560E-03
  0.6888E-03  0.7210E-03  0.7525E-03  0.7834E-03  0.8136E-03  0.8434E-03
  0.8727E-03  0.9015E-03  0.9299E-03  0.9579E-03  0.9856E-03  0.1013E-02
  0.1040E-02  0.1067E-02  0.1094E-02  0.1120E-02  0.1147E-02  0.1173E-02
  0.1199E-02  0.1225E-02  0.1251E-02  0.1276E-02  0.1302E-02  0.1327E-02
  0.1352E-02  0.1377E-02  0.1402E-02  0.1426E-02  0.1451E-02  0.1475E-02
  0.1499E-02  0.1523E-02  0.1547E-02  0.1570E-02  0.1593E-02  0.1617E-02
  0.1640E-02  0.1663E-02  0.1686E-02  0.1708E-02  0.1731E-02  0.1754E-02
  0.1777E-02  0.1799E-02  0.1822E-02  0.1845E-02  0.1868E-02  0.1890E-02
 681660  20040  ALPHA     0- 60 MeV ;    1MeV-steps
  0.2423E-03  0.2677E-03  0.3115E-03  0.3536E-03  0.3942E-03  0.4335E-03
  0.4714E-03  0.5080E-03  0.5436E-03  0.5781E-03  0.6116E-03  0.6443E-03
  0.6761E-03  0.7072E-03  0.7377E-03  0.7676E-03  0.7969E-03  0.8257E-03
  0.8541E-03  0.8821E-03  0.9098E-03  0.9371E-03  0.9642E-03  0.9910E-03
  0.1017E-02  0.1044E-02  0.1070E-02  0.1096E-02  0.1122E-02  0.1147E-02
  0.1173E-02  0.1198E-02  0.1223E-02  0.1248E-02  0.1272E-02  0.1297E-02
  0.1321E-02  0.1345E-02  0.1370E-02  0.1393E-02  0.1417E-02  0.1441E-02
  0.1464E-02  0.1487E-02  0.1510E-02  0.1533E-02  0.1556E-02  0.1579E-02
  0.1601E-02  0.1624E-02  0.1646E-02  0.1668E-02  0.1691E-02  0.1713E-02
  0.1735E-02  0.1757E-02  0.1779E-02  0.1801E-02  0.1823E-02  0.1845E-02
 691690  20040  ALPHA     0- 60 MeV ;    1MeV-steps
  0.2496E-03  0.2747E-03  0.3160E-03  0.3560E-03  0.3946E-03  0.4320E-03
  0.4682E-03  0.5034E-03  0.5375E-03  0.5707E-03  0.6031E-03  0.6346E-03
  0.6655E-03  0.6957E-03  0.7253E-03  0.7543E-03  0.7829E-03  0.8110E-03
  0.8386E-03  0.8660E-03  0.8929E-03  0.9196E-03  0.9460E-03  0.9721E-03
  0.9980E-03  0.1024E-02  0.1049E-02  0.1074E-02  0.1100E-02  0.1124E-02
  0.1149E-02  0.1174E-02  0.1198E-02  0.1222E-02  0.1246E-02  0.1270E-02
  0.1294E-02  0.1318E-02  0.1341E-02  0.1364E-02  0.1387E-02  0.1410E-02
  0.1433E-02  0.1456E-02  0.1478E-02  0.1500E-02  0.1523E-02  0.1545E-02
  0.1567E-02  0.1589E-02  0.1611E-02  0.1632E-02  0.1654E-02  0.1676E-02
  0.1697E-02  0.1719E-02  0.1740E-02  0.1762E-02  0.1783E-02  0.1805E-02
 701740  20040  ALPHA     0- 60 MeV ;    1MeV-steps
  0.3256E-03  0.3807E-03  0.4358E-03  0.4895E-03  0.5416E-03  0.5923E-03
  0.6415E-03  0.6892E-03  0.7356E-03  0.7806E-03  0.8243E-03  0.8670E-03
  0.9086E-03  0.9493E-03  0.9892E-03  0.1028E-02  0.1067E-02  0.1105E-02
  0.1142E-02  0.1179E-02  0.1216E-02  0.1253E-02  0.1289E-02  0.1325E-02
  0.1360E-02  0.1396E-02  0.1431E-02  0.1466E-02  0.1500E-02  0.1535E-02
  0.1569E-02  0.1603E-02  0.1636E-02  0.1669E-02  0.1702E-02  0.1735E-02
  0.1767E-02  0.1799E-02  0.1830E-02  0.1861E-02  0.1892E-02  0.1923E-02
  0.1953E-02  0.1983E-02  0.2013E-02  0.2043E-02  0.2073E-02  0.2103E-02
  0.2133E-02  0.2164E-02  0.2194E-02  0.2225E-02  0.2256E-02  0.2287E-02
  0.2318E-02  0.2350E-02  0.2381E-02  0.2412E-02  0.2443E-02  0.2473E-02
 711750  20040  ALPHA     0- 60 MeV ;    1MeV-steps
  0.2232E-03  0.2610E-03  0.3041E-03  0.3445E-03  0.3827E-03  0.4190E-03
  0.4536E-03  0.4869E-03  0.5190E-03  0.5500E-03  0.5803E-03  0.6098E-03
  0.6387E-03  0.6671E-03  0.6950E-03  0.7226E-03  0.7497E-03  0.7766E-03
  0.8031E-03  0.8294E-03  0.8554E-03  0.8812E-03  0.9067E-03  0.9319E-03
  0.9569E-03  0.9817E-03  0.1006E-02  0.1031E-02  0.1055E-02  0.1078E-02
  0.1102E-02  0.1125E-02  0.1149E-02  0.1172E-02  0.1194E-02  0.1217E-02
  0.1240E-02  0.1262E-02  0.1284E-02  0.1306E-02  0.1328E-02  0.1350E-02
  0.1372E-02  0.1393E-02  0.1415E-02  0.1436E-02  0.1458E-02  0.1479E-02
  0.1501E-02  0.1522E-02  0.1543E-02  0.1564E-02  0.1585E-02  0.1606E-02
  0.1626E-02  0.1647E-02  0.1667E-02  0.1688E-02  0.1708E-02  0.1728E-02
 721800  20040  ALPHA     0- 60 MeV ;    1MeV-steps
  0.1827E-03  0.1957E-03  0.2231E-03  0.2501E-03  0.2765E-03  0.3025E-03
  0.3278E-03  0.3526E-03  0.3768E-03  0.4005E-03  0.4236E-03  0.4461E-03
  0.4682E-03  0.4898E-03  0.5109E-03  0.5317E-03  0.5520E-03  0.5720E-03
  0.5917E-03  0.6111E-03  0.6302E-03  0.6491E-03  0.6677E-03  0.6862E-03
  0.7045E-03  0.7226E-03  0.7406E-03  0.7585E-03  0.7762E-03  0.7938E-03
  0.8113E-03  0.8287E-03  0.8460E-03  0.8632E-03  0.8802E-03  0.8972E-03
  0.9140E-03  0.9307E-03  0.9473E-03  0.9638E-03  0.9802E-03  0.9965E-03
  0.1013E-02  0.1029E-02  0.1045E-02  0.1060E-02  0.1076E-02  0.1092E-02
  0.1107E-02  0.1123E-02  0.1138E-02  0.1154E-02  0.1169E-02  0.1184E-02
  0.1199E-02  0.1215E-02  0.1230E-02  0.1245E-02  0.1260E-02  0.1276E-02
 731810  20040  ALPHA     0- 60 MeV ;    1MeV-steps
  0.1521E-03  0.1632E-03  0.1859E-03  0.2082E-03  0.2301E-03  0.2516E-03
  0.2726E-03  0.2930E-03  0.3130E-03  0.3324E-03  0.3513E-03  0.3698E-03
  0.3878E-03  0.4053E-03  0.4225E-03  0.4392E-03  0.4557E-03  0.4718E-03
  0.4876E-03  0.5032E-03  0.5186E-03  0.5338E-03  0.5488E-03  0.5637E-03
  0.5784E-03  0.5930E-03  0.6076E-03  0.6220E-03  0.6363E-03  0.6506E-03
  0.6648E-03  0.6789E-03  0.6929E-03  0.7069E-03  0.7208E-03  0.7346E-03
  0.7483E-03  0.7619E-03  0.7754E-03  0.7888E-03  0.8022E-03  0.8154E-03
  0.8285E-03  0.8415E-03  0.8544E-03  0.8672E-03  0.8800E-03  0.8926E-03
  0.9052E-03  0.9177E-03  0.9302E-03  0.9426E-03  0.9550E-03  0.9675E-03
  0.9798E-03  0.9923E-03  0.1005E-02  0.1017E-02  0.1030E-02  0.1042E-02
 741840  20040  ALPHA     0- 60 MeV ;    1MeV-steps
  0.1265E-03  0.1392E-03  0.1604E-03  0.1807E-03  0.2002E-03  0.2190E-03
  0.2372E-03  0.2548E-03  0.2719E-03  0.2885E-03  0.3046E-03  0.3204E-03
  0.3358E-03  0.3508E-03  0.3656E-03  0.3800E-03  0.3943E-03  0.4083E-03
  0.4221E-03  0.4358E-03  0.4492E-03  0.4625E-03  0.4757E-03  0.4888E-03
  0.5017E-03  0.5145E-03  0.5272E-03  0.5399E-03  0.5524E-03  0.5648E-03
  0.5771E-03  0.5894E-03  0.6015E-03  0.6136E-03  0.6256E-03  0.6375E-03
  0.6493E-03  0.6610E-03  0.6726E-03  0.6842E-03  0.6957E-03  0.7071E-03
  0.7184E-03  0.7297E-03  0.7409E-03  0.7520E-03  0.7631E-03  0.7741E-03
  0.7851E-03  0.7960E-03  0.8068E-03  0.8176E-03  0.8284E-03  0.8392E-03
  0.8499E-03  0.8606E-03  0.8712E-03  0.8819E-03  0.8925E-03  0.9031E-03
 751870  20040  ALPHA     0- 60 MeV ;    1MeV-steps
  0.1312E-03  0.1343E-03  0.1512E-03  0.1682E-03  0.1852E-03  0.2020E-03
  0.2185E-03  0.2348E-03  0.2508E-03  0.2664E-03  0.2816E-03  0.2964E-03
  0.3109E-03  0.3251E-03  0.3389E-03  0.3523E-03  0.3655E-03  0.3785E-03
  0.3911E-03  0.4036E-03  0.4159E-03  0.4280E-03  0.4400E-03  0.4518E-03
  0.4635E-03  0.4752E-03  0.4868E-03  0.4983E-03  0.5097E-03  0.5211E-03
  0.5324E-03  0.5437E-03  0.5549E-03  0.5661E-03  0.5772E-03  0.5882E-03
  0.5992E-03  0.6100E-03  0.6208E-03  0.6316E-03  0.6422E-03  0.6527E-03
  0.6632E-03  0.6735E-03  0.6837E-03  0.6939E-03  0.7040E-03  0.7140E-03
  0.7239E-03  0.7338E-03  0.7437E-03  0.7535E-03  0.7633E-03  0.7731E-03
  0.7830E-03  0.7928E-03  0.8027E-03  0.8126E-03  0.8226E-03  0.8326E-03
 761920  20040  ALPHA     0- 60 MeV ;    1MeV-steps
  0.1174E-03  0.1234E-03  0.1398E-03  0.1562E-03  0.1723E-03  0.1883E-03
  0.2040E-03  0.2193E-03  0.2343E-03  0.2490E-03  0.2633E-03  0.2772E-03
  0.2908E-03  0.3041E-03  0.3170E-03  0.3297E-03  0.3421E-03  0.3543E-03
  0.3663E-03  0.3780E-03  0.3896E-03  0.4010E-03  0.4123E-03  0.4235E-03
  0.4345E-03  0.4455E-03  0.4564E-03  0.4672E-03  0.4780E-03  0.4887E-03
  0.4993E-03  0.5099E-03  0.5204E-03  0.5309E-03  0.5413E-03  0.5516E-03
  0.5619E-03  0.5721E-03  0.5822E-03  0.5923E-03  0.6022E-03  0.6121E-03
  0.6219E-03  0.6316E-03  0.6413E-03  0.6508E-03  0.6603E-03  0.6698E-03
  0.6791E-03  0.6884E-03  0.6977E-03  0.7070E-03  0.7162E-03  0.7254E-03
  0.7347E-03  0.7439E-03  0.7532E-03  0.7625E-03  0.7718E-03  0.7811E-03
 771930  20040  ALPHA     0- 60 MeV ;    1MeV-steps
  0.1244E-03  0.1284E-03  0.1447E-03  0.1610E-03  0.1772E-03  0.1932E-03
  0.2089E-03  0.2244E-03  0.2395E-03  0.2543E-03  0.2688E-03  0.2829E-03
  0.2967E-03  0.3101E-03  0.3232E-03  0.3360E-03  0.3486E-03  0.3609E-03
  0.3729E-03  0.3848E-03  0.3965E-03  0.4081E-03  0.4195E-03  0.4307E-03
  0.4419E-03  0.4530E-03  0.4640E-03  0.4749E-03  0.4858E-03  0.4966E-03
  0.5074E-03  0.5181E-03  0.5287E-03  0.5393E-03  0.5498E-03  0.5603E-03
  0.5707E-03  0.5810E-03  0.5912E-03  0.6014E-03  0.6115E-03  0.6214E-03
  0.6314E-03  0.6412E-03  0.6509E-03  0.6605E-03  0.6701E-03  0.6796E-03
  0.6891E-03  0.6985E-03  0.7079E-03  0.7172E-03  0.7265E-03  0.7358E-03
  0.7452E-03  0.7545E-03  0.7639E-03  0.7733E-03  0.7826E-03  0.7921E-03
 781950  20040  ALPHA     0- 60 MeV ;    1MeV-steps
  0.1251E-03  0.1360E-03  0.1557E-03  0.1747E-03  0.1929E-03  0.2105E-03
  0.2275E-03  0.2440E-03  0.2599E-03  0.2754E-03  0.2905E-03  0.3052E-03
  0.3195E-03  0.3335E-03  0.3472E-03  0.3607E-03  0.3739E-03  0.3869E-03
  0.3998E-03  0.4124E-03  0.4249E-03  0.4372E-03  0.4495E-03  0.4615E-03
  0.4735E-03  0.4854E-03  0.4971E-03  0.5088E-03  0.5204E-03  0.5319E-03
  0.5433E-03  0.5546E-03  0.5658E-03  0.5769E-03  0.5880E-03  0.5990E-03
  0.6099E-03  0.6207E-03  0.6315E-03  0.6422E-03  0.6528E-03  0.6633E-03
  0.6738E-03  0.6842E-03  0.6945E-03  0.7047E-03  0.7150E-03  0.7251E-03
  0.7352E-03  0.7453E-03  0.7553E-03  0.7653E-03  0.7752E-03  0.7851E-03
  0.7950E-03  0.8049E-03  0.8148E-03  0.8246E-03  0.8344E-03  0.8442E-03
 791970  20040  ALPHA     0- 60 MeV ;    1MeV-steps
  0.1361E-03  0.1453E-03  0.1660E-03  0.1863E-03  0.2061E-03  0.2255E-03
  0.2443E-03  0.2627E-03  0.2805E-03  0.2979E-03  0.3149E-03  0.3314E-03
  0.3475E-03  0.3632E-03  0.3785E-03  0.3935E-03  0.4082E-03  0.4227E-03
  0.4369E-03  0.4509E-03  0.4646E-03  0.4782E-03  0.4916E-03  0.5049E-03
  0.5180E-03  0.5311E-03  0.5440E-03  0.5568E-03  0.5695E-03  0.5822E-03
  0.5947E-03  0.6072E-03  0.6196E-03  0.6319E-03  0.6441E-03  0.6563E-03
  0.6683E-03  0.6803E-03  0.6922E-03  0.7040E-03  0.7158E-03  0.7274E-03
  0.7389E-03  0.7504E-03  0.7617E-03  0.7730E-03  0.7843E-03  0.7954E-03
  0.8065E-03  0.8175E-03  0.8285E-03  0.8395E-03  0.8504E-03  0.8613E-03
  0.8722E-03  0.8831E-03  0.8939E-03  0.9048E-03  0.9157E-03  0.9266E-03
 802020  20040  ALPHA     0- 60 MeV ;    1MeV-steps
  0.1991E-03  0.2150E-03  0.2456E-03  0.2751E-03  0.3035E-03  0.3309E-03
  0.3574E-03  0.3830E-03  0.4080E-03  0.4322E-03  0.4558E-03  0.4788E-03
  0.5013E-03  0.5234E-03  0.5450E-03  0.5662E-03  0.5871E-03  0.6076E-03
  0.6278E-03  0.6478E-03  0.6675E-03  0.6870E-03  0.7063E-03  0.7254E-03
  0.7443E-03  0.7630E-03  0.7816E-03  0.8000E-03  0.8183E-03  0.8364E-03
  0.8544E-03  0.8722E-03  0.8899E-03  0.9075E-03  0.9249E-03  0.9423E-03
  0.9595E-03  0.9766E-03  0.9935E-03  0.1010E-02  0.1027E-02  0.1044E-02
  0.1060E-02  0.1077E-02  0.1093E-02  0.1109E-02  0.1125E-02  0.1142E-02
  0.1158E-02  0.1174E-02  0.1189E-02  0.1205E-02  0.1221E-02  0.1237E-02
  0.1252E-02  0.1268E-02  0.1283E-02  0.1299E-02  0.1314E-02  0.1330E-02
 812050  20040  ALPHA     0- 60 MeV ;    1MeV-steps
  0.2167E-03  0.2427E-03  0.2798E-03  0.3152E-03  0.3490E-03  0.3813E-03
  0.4125E-03  0.4425E-03  0.4715E-03  0.4996E-03  0.5269E-03  0.5536E-03
  0.5796E-03  0.6050E-03  0.6299E-03  0.6544E-03  0.6785E-03  0.7022E-03
  0.7256E-03  0.7487E-03  0.7714E-03  0.7940E-03  0.8162E-03  0.8383E-03
  0.8601E-03  0.8817E-03  0.9031E-03  0.9243E-03  0.9454E-03  0.9663E-03
  0.9870E-03  0.1007E-02  0.1028E-02  0.1048E-02  0.1068E-02  0.1088E-02
  0.1108E-02  0.1128E-02  0.1147E-02  0.1166E-02  0.1186E-02  0.1205E-02
  0.1224E-02  0.1243E-02  0.1262E-02  0.1280E-02  0.1299E-02  0.1318E-02
  0.1336E-02  0.1355E-02  0.1373E-02  0.1391E-02  0.1409E-02  0.1428E-02
  0.1446E-02  0.1464E-02  0.1482E-02  0.1499E-02  0.1517E-02  0.1535E-02
 822080  20040  ALPHA     0- 60 MeV ;    1MeV-steps
  0.2112E-03  0.2361E-03  0.2758E-03  0.3138E-03  0.3503E-03  0.3853E-03
  0.4190E-03  0.4514E-03  0.4827E-03  0.5130E-03  0.5423E-03  0.5708E-03
  0.5985E-03  0.6255E-03  0.6519E-03  0.6777E-03  0.7030E-03  0.7278E-03
  0.7522E-03  0.7763E-03  0.8000E-03  0.8235E-03  0.8467E-03  0.8696E-03
  0.8923E-03  0.9148E-03  0.9372E-03  0.9593E-03  0.9813E-03  0.1003E-02
  0.1025E-02  0.1046E-02  0.1068E-02  0.1089E-02  0.1110E-02  0.1131E-02
  0.1152E-02  0.1172E-02  0.1193E-02  0.1213E-02  0.1233E-02  0.1253E-02
  0.1273E-02  0.1293E-02  0.1312E-02  0.1332E-02  0.1351E-02  0.1370E-02
  0.1389E-02  0.1408E-02  0.1427E-02  0.1446E-02  0.1465E-02  0.1484E-02
  0.1503E-02  0.1521E-02  0.1540E-02  0.1559E-02  0.1578E-02  0.1596E-02
 832090  20040  ALPHA     0- 60 MeV ;    1MeV-steps
  0.2345E-03  0.2700E-03  0.3182E-03  0.3641E-03  0.4080E-03  0.4500E-03
  0.4903E-03  0.5290E-03  0.5662E-03  0.6021E-03  0.6369E-03  0.6706E-03
  0.7033E-03  0.7351E-03  0.7661E-03  0.7964E-03  0.8261E-03  0.8553E-03
  0.8839E-03  0.9121E-03  0.9398E-03  0.9672E-03  0.9943E-03  0.1021E-02
  0.1048E-02  0.1074E-02  0.1100E-02  0.1126E-02  0.1151E-02  0.1177E-02
  0.1202E-02  0.1227E-02  0.1252E-02  0.1276E-02  0.1301E-02  0.1325E-02
  0.1349E-02  0.1373E-02  0.1397E-02  0.1421E-02  0.1444E-02  0.1468E-02
  0.1491E-02  0.1514E-02  0.1537E-02  0.1559E-02  0.1582E-02  0.1604E-02
  0.1627E-02  0.1649E-02  0.1671E-02  0.1693E-02  0.1715E-02  0.1737E-02
  0.1759E-02  0.1781E-02  0.1803E-02  0.1825E-02  0.1846E-02  0.1868E-02
 842090  20040  ALPHA     0- 60 MeV ;    1MeV-steps
  0.2394E-03  0.2905E-03  0.3444E-03  0.3943E-03  0.4407E-03  0.4842E-03
  0.5252E-03  0.5641E-03  0.6013E-03  0.6371E-03  0.6716E-03  0.7051E-03
  0.7378E-03  0.7698E-03  0.8012E-03  0.8320E-03  0.8624E-03  0.8924E-03
  0.9221E-03  0.9514E-03  0.9804E-03  0.1009E-02  0.1038E-02  0.1066E-02
  0.1094E-02  0.1121E-02  0.1148E-02  0.1175E-02  0.1202E-02  0.1229E-02
  0.1255E-02  0.1281E-02  0.1306E-02  0.1332E-02  0.1357E-02  0.1382E-02
  0.1407E-02  0.1432E-02  0.1456E-02  0.1481E-02  0.1505E-02  0.1529E-02
  0.1553E-02  0.1577E-02  0.1601E-02  0.1625E-02  0.1649E-02  0.1672E-02
  0.1696E-02  0.1720E-02  0.1743E-02  0.1766E-02  0.1789E-02  0.1812E-02
  0.1835E-02  0.1858E-02  0.1881E-02  0.1903E-02  0.1925E-02  0.1947E-02
 852100  20040  ALPHA     0- 60 MeV ;    1MeV-steps
  0.4851E-03  0.5326E-03  0.6059E-03  0.6828E-03  0.7616E-03  0.8410E-03
  0.9199E-03  0.9976E-03  0.1073E-02  0.1147E-02  0.1218E-02  0.1286E-02
  0.1352E-02  0.1416E-02  0.1477E-02  0.1535E-02  0.1592E-02  0.1647E-02
  0.1701E-02  0.1753E-02  0.1805E-02  0.1855E-02  0.1905E-02  0.1955E-02
  0.2004E-02  0.2054E-02  0.2103E-02  0.2152E-02  0.2201E-02  0.2250E-02
  0.2300E-02  0.2349E-02  0.2398E-02  0.2447E-02  0.2496E-02  0.2544E-02
  0.2592E-02  0.2640E-02  0.2687E-02  0.2733E-02  0.2778E-02  0.2824E-02
  0.2868E-02  0.2912E-02  0.2955E-02  0.2997E-02  0.3040E-02  0.3082E-02
  0.3124E-02  0.3165E-02  0.3207E-02  0.3249E-02  0.3292E-02  0.3335E-02
  0.3379E-02  0.3423E-02  0.3467E-02  0.3513E-02  0.3558E-02  0.3603E-02
 862220  20040  ALPHA     0- 60 MeV ;    1MeV-steps
  0.4590E-03  0.5152E-03  0.6110E-03  0.7021E-03  0.7890E-03  0.8721E-03
  0.9521E-03  0.1029E-02  0.1103E-02  0.1175E-02  0.1245E-02  0.1313E-02
  0.1379E-02  0.1444E-02  0.1507E-02  0.1569E-02  0.1629E-02  0.1688E-02
  0.1745E-02  0.1802E-02  0.1858E-02  0.1913E-02  0.1967E-02  0.2020E-02
  0.2072E-02  0.2124E-02  0.2175E-02  0.2226E-02  0.2276E-02  0.2326E-02
  0.2375E-02  0.2425E-02  0.2473E-02  0.2522E-02  0.2571E-02  0.2619E-02
  0.2667E-02  0.2715E-02  0.2763E-02  0.2811E-02  0.2858E-02  0.2905E-02
  0.2952E-02  0.2998E-02  0.3044E-02  0.3089E-02  0.3134E-02  0.3178E-02
  0.3221E-02  0.3264E-02  0.3306E-02  0.3347E-02  0.3388E-02  0.3428E-02
  0.3467E-02  0.3507E-02  0.3546E-02  0.3587E-02  0.3627E-02  0.3670E-02
 872230  20040  ALPHA     0- 60 MeV ;    1MeV-steps
  0.4492E-03  0.5401E-03  0.6246E-03  0.7113E-03  0.7984E-03  0.8846E-03
  0.9689E-03  0.1051E-02  0.1129E-02  0.1205E-02  0.1277E-02  0.1345E-02
  0.1411E-02  0.1474E-02  0.1535E-02  0.1593E-02  0.1650E-02  0.1705E-02
  0.1759E-02  0.1813E-02  0.1866E-02  0.1919E-02  0.1972E-02  0.2024E-02
  0.2077E-02  0.2131E-02  0.2184E-02  0.2237E-02  0.2291E-02  0.2344E-02
  0.2398E-02  0.2450E-02  0.2503E-02  0.2554E-02  0.2605E-02  0.2655E-02
  0.2704E-02  0.2751E-02  0.2798E-02  0.2843E-02  0.2886E-02  0.2929E-02
  0.2971E-02  0.3011E-02  0.3051E-02  0.3091E-02  0.3131E-02  0.3171E-02
  0.3211E-02  0.3253E-02  0.3296E-02  0.3340E-02  0.3388E-02  0.3437E-02
  0.3488E-02  0.3543E-02  0.3599E-02  0.3658E-02  0.3719E-02  0.3778E-02
 882260  20040  ALPHA     0- 60 MeV ;    1MeV-steps
  0.4174E-03  0.5137E-03  0.6056E-03  0.6981E-03  0.7897E-03  0.8792E-03
  0.9660E-03  0.1049E-02  0.1129E-02  0.1205E-02  0.1278E-02  0.1347E-02
  0.1413E-02  0.1476E-02  0.1536E-02  0.1594E-02  0.1651E-02  0.1706E-02
  0.1761E-02  0.1814E-02  0.1868E-02  0.1921E-02  0.1974E-02  0.2027E-02
  0.2080E-02  0.2134E-02  0.2188E-02  0.2241E-02  0.2295E-02  0.2349E-02
  0.2403E-02  0.2456E-02  0.2508E-02  0.2560E-02  0.2611E-02  0.2660E-02
  0.2709E-02  0.2756E-02  0.2802E-02  0.2847E-02  0.2890E-02  0.2932E-02
  0.2974E-02  0.3014E-02  0.3053E-02  0.3093E-02  0.3132E-02  0.3171E-02
  0.3211E-02  0.3253E-02  0.3296E-02  0.3339E-02  0.3387E-02  0.3436E-02
  0.3488E-02  0.3541E-02  0.3598E-02  0.3657E-02  0.3718E-02  0.3778E-02
 892270  20040  ALPHA     0- 60 MeV ;    1MeV-steps
  0.2044E-03  0.2430E-03  0.2973E-03  0.3480E-03  0.3956E-03  0.4403E-03
  0.4826E-03  0.5226E-03  0.5607E-03  0.5971E-03  0.6320E-03  0.6656E-03
  0.6980E-03  0.7295E-03  0.7601E-03  0.7899E-03  0.8191E-03  0.8477E-03
  0.8759E-03  0.9036E-03  0.9310E-03  0.9580E-03  0.9848E-03  0.1011E-02
  0.1038E-02  0.1064E-02  0.1089E-02  0.1115E-02  0.1140E-02  0.1166E-02
  0.1191E-02  0.1216E-02  0.1240E-02  0.1265E-02  0.1289E-02  0.1313E-02
  0.1337E-02  0.1361E-02  0.1385E-02  0.1408E-02  0.1431E-02  0.1455E-02
  0.1477E-02  0.1500E-02  0.1523E-02  0.1545E-02  0.1568E-02  0.1590E-02
  0.1612E-02  0.1634E-02  0.1656E-02  0.1678E-02  0.1700E-02  0.1722E-02
  0.1743E-02  0.1765E-02  0.1787E-02  0.1808E-02  0.1830E-02  0.1852E-02
 902320  20040  ALPHA     0- 60 MeV ;    1MeV-steps
  0.1896E-03  0.2223E-03  0.2679E-03  0.3105E-03  0.3506E-03  0.3883E-03
  0.4241E-03  0.4580E-03  0.4904E-03  0.5214E-03  0.5513E-03  0.5801E-03
  0.6080E-03  0.6352E-03  0.6617E-03  0.6876E-03  0.7129E-03  0.7379E-03
  0.7624E-03  0.7866E-03  0.8105E-03  0.8342E-03  0.8576E-03  0.8807E-03
  0.9036E-03  0.9264E-03  0.9489E-03  0.9713E-03  0.9934E-03  0.1015E-02
  0.1037E-02  0.1059E-02  0.1080E-02  0.1102E-02  0.1123E-02  0.1144E-02
  0.1165E-02  0.1185E-02  0.1206E-02  0.1226E-02  0.1246E-02  0.1266E-02
  0.1286E-02  0.1306E-02  0.1326E-02  0.1345E-02  0.1365E-02  0.1384E-02
  0.1404E-02  0.1423E-02  0.1442E-02  0.1461E-02  0.1480E-02  0.1499E-02
  0.1518E-02  0.1537E-02  0.1556E-02  0.1575E-02  0.1593E-02  0.1612E-02
 912310  20040  ALPHA     0- 60 MeV ;    1MeV-steps
  0.1432E-03  0.1697E-03  0.2050E-03  0.2379E-03  0.2687E-03  0.2977E-03
  0.3250E-03  0.3508E-03  0.3755E-03  0.3990E-03  0.4216E-03  0.4435E-03
  0.4646E-03  0.4851E-03  0.5051E-03  0.5247E-03  0.5439E-03  0.5627E-03
  0.5813E-03  0.5996E-03  0.6177E-03  0.6355E-03  0.6532E-03  0.6707E-03
  0.6880E-03  0.7052E-03  0.7223E-03  0.7392E-03  0.7560E-03  0.7726E-03
  0.7891E-03  0.8055E-03  0.8217E-03  0.8378E-03  0.8538E-03  0.8696E-03
  0.8854E-03  0.9010E-03  0.9165E-03  0.9319E-03  0.9471E-03  0.9623E-03
  0.9774E-03  0.9924E-03  0.1007E-02  0.1022E-02  0.1037E-02  0.1052E-02
  0.1066E-02  0.1081E-02  0.1095E-02  0.1110E-02  0.1124E-02  0.1138E-02
  0.1153E-02  0.1167E-02  0.1181E-02  0.1195E-02  0.1209E-02  0.1223E-02
 922380  20040  ALPHA     0- 60 MeV ;    1MeV-steps
  0.1233E-03  0.1457E-03  0.1728E-03  0.1983E-03  0.2223E-03  0.2449E-03
  0.2664E-03  0.2870E-03  0.3066E-03  0.3256E-03  0.3439E-03  0.3616E-03
  0.3789E-03  0.3957E-03  0.4122E-03  0.4284E-03  0.4442E-03  0.4599E-03
  0.4753E-03  0.4905E-03  0.5055E-03  0.5204E-03  0.5351E-03  0.5496E-03
  0.5640E-03  0.5782E-03  0.5923E-03  0.6063E-03  0.6201E-03  0.6338E-03
  0.6474E-03  0.6609E-03  0.6742E-03  0.6875E-03  0.7006E-03  0.7136E-03
  0.7265E-03  0.7393E-03  0.7521E-03  0.7647E-03  0.7773E-03  0.7898E-03
  0.8022E-03  0.8145E-03  0.8268E-03  0.8390E-03  0.8512E-03  0.8633E-03
  0.8754E-03  0.8874E-03  0.8994E-03  0.9113E-03  0.9232E-03  0.9350E-03
  0.9467E-03  0.9584E-03  0.9701E-03  0.9816E-03  0.9932E-03  0.1005E-02
 932370  20040  ALPHA     0- 60 MeV ;    1MeV-steps
  0.9970E-04  0.1220E-03  0.1492E-03  0.1747E-03  0.1986E-03  0.2213E-03
  0.2428E-03  0.2633E-03  0.2830E-03  0.3019E-03  0.3202E-03  0.3380E-03
  0.3552E-03  0.3721E-03  0.3886E-03  0.4047E-03  0.4206E-03  0.4363E-03
  0.4517E-03  0.4669E-03  0.4819E-03  0.4968E-03  0.5114E-03  0.5260E-03
  0.5404E-03  0.5546E-03  0.5687E-03  0.5827E-03  0.5965E-03  0.6102E-03
  0.6238E-03  0.6373E-03  0.6506E-03  0.6638E-03  0.6770E-03  0.6900E-03
  0.7029E-03  0.7157E-03  0.7284E-03  0.7411E-03  0.7536E-03  0.7661E-03
  0.7785E-03  0.7909E-03  0.8032E-03  0.8154E-03  0.8276E-03  0.8397E-03
  0.8518E-03  0.8638E-03  0.8757E-03  0.8876E-03  0.8995E-03  0.9114E-03
  0.9231E-03  0.9348E-03  0.9465E-03  0.9580E-03  0.9696E-03  0.9810E-03
 942440  20040  ALPHA     0- 60 MeV ;    1MeV-steps
  0.1099E-03  0.1322E-03  0.1594E-03  0.1849E-03  0.2088E-03  0.2315E-03
  0.2530E-03  0.2735E-03  0.2932E-03  0.3121E-03  0.3304E-03  0.3482E-03
  0.3654E-03  0.3823E-03  0.3987E-03  0.4149E-03  0.4308E-03  0.4464E-03
  0.4619E-03  0.4771E-03  0.4921E-03  0.5069E-03  0.5216E-03  0.5362E-03
  0.5505E-03  0.5648E-03  0.5789E-03  0.5929E-03  0.6067E-03  0.6204E-03
  0.6340E-03  0.6474E-03  0.6608E-03  0.6740E-03  0.6871E-03  0.7002E-03
  0.7131E-03  0.7259E-03  0.7386E-03  0.7513E-03  0.7638E-03  0.7763E-03
  0.7887E-03  0.8011E-03  0.8133E-03  0.8256E-03  0.8377E-03  0.8499E-03
  0.8619E-03  0.8739E-03  0.8859E-03  0.8978E-03  0.9097E-03  0.9215E-03
  0.9333E-03  0.9450E-03  0.9567E-03  0.9682E-03  0.9798E-03  0.9912E-03
 952430  20040  ALPHA     0- 60 MeV ;    1MeV-steps
  0.2719E-03  0.2943E-03  0.3214E-03  0.3469E-03  0.3709E-03  0.3935E-03
  0.4150E-03  0.4356E-03  0.4552E-03  0.4742E-03  0.4925E-03  0.5102E-03
  0.5275E-03  0.5443E-03  0.5608E-03  0.5770E-03  0.5928E-03  0.6085E-03
  0.6239E-03  0.6391E-03  0.6541E-03  0.6690E-03  0.6837E-03  0.6982E-03
  0.7126E-03  0.7268E-03  0.7409E-03  0.7549E-03  0.7687E-03  0.7824E-03
  0.7960E-03  0.8095E-03  0.8228E-03  0.8361E-03  0.8492E-03  0.8622E-03
  0.8751E-03  0.8879E-03  0.9007E-03  0.9133E-03  0.9259E-03  0.9384E-03
  0.9508E-03  0.9631E-03  0.9754E-03  0.9876E-03  0.9998E-03  0.1012E-02
  0.1024E-02  0.1036E-02  0.1048E-02  0.1060E-02  0.1072E-02  0.1084E-02
  0.1095E-02  0.1107E-02  0.1119E-02  0.1130E-02  0.1142E-02  0.1153E-02
 962470  20040  ALPHA     0- 60 MeV ;    1MeV-steps
  0.2868E-03  0.3091E-03  0.3363E-03  0.3617E-03  0.3857E-03  0.4084E-03
  0.4299E-03  0.4504E-03  0.4701E-03  0.4890E-03  0.5073E-03  0.5250E-03
  0.5423E-03  0.5591E-03  0.5756E-03  0.5918E-03  0.6077E-03  0.6233E-03
  0.6387E-03  0.6539E-03  0.6690E-03  0.6838E-03  0.6985E-03  0.7130E-03
  0.7274E-03  0.7417E-03  0.7558E-03  0.7697E-03  0.7836E-03  0.7973E-03
  0.8109E-03  0.8243E-03  0.8377E-03  0.8509E-03  0.8640E-03  0.8770E-03
  0.8900E-03  0.9028E-03  0.9155E-03  0.9281E-03  0.9407E-03  0.9532E-03
  0.9656E-03  0.9779E-03  0.9902E-03  0.1002E-02  0.1015E-02  0.1027E-02
  0.1039E-02  0.1051E-02  0.1063E-02  0.1075E-02  0.1087E-02  0.1098E-02
  0.1110E-02  0.1122E-02  0.1134E-02  0.1145E-02  0.1157E-02  0.1168E-02
