  1.7850E+00  3.5701E-01  3.5707E-01  7.1410E-01  7.1412E-01  3.5701E-01
  3.5701E-01  3.5708E-01  3.5703E-01  7.1405E-01  3.5713E-01  3.5705E-01
  7.1411E-01  7.1405E-01  7.1409E-01  7.1408E-01  4.8737E-01  4.6388E-01
  4.4150E-01  4.1974E-01  3.9916E-01  3.7992E-01  3.6150E-01  3.4347E-01
  1.1077E-01  2.1615E-01  3.1114E-01  2.9574E-01  2.8131E-01  2.6774E-01
  2.5470E-01  2.4205E-01  2.3040E-01  4.2764E-01  3.8695E-01  3.5003E-01
  1.6236E-01  1.5453E-01  1.4681E-01  1.3971E-01  1.3298E-01  1.2643E-01
  8.0806E-02  1.9853E-02  1.9567E-02  3.8768E-02  7.5656E-02  1.0889E-01
  1.0345E-01  9.8465E-02  9.3708E-02  8.9087E-02  8.4722E-02  8.0642E-02
  7.6711E-02  7.2916E-02  6.9390E-02  6.6035E-02  6.2767E-02  5.9710E-02
  5.6832E-02  1.0543E-01  4.0940E-02  5.4507E-02  4.4219E-02  4.2080E-02
  4.0051E-02  3.8083E-02  3.6209E-02  3.4464E-02  3.2798E-02  3.1158E-02
  2.9656E-02  2.8226E-02  2.6831E-02  2.5518E-02  4.7397E-02  4.2857E-02
  1.9892E-02  1.8904E-02  3.5100E-02  3.1756E-02  3.4855E-03  1.2770E-03
  2.7048E-03  7.2622E-03  1.4018E-02  2.5994E-02  1.2063E-02  1.1470E-02
  1.0906E-02  1.0380E-02  9.8784E-03  9.3856E-03  8.9307E-03  8.5008E-03
  8.0824E-03  7.6860E-03  7.3155E-03  6.9603E-03  6.6134E-03  6.2948E-03
  5.9907E-03  5.6945E-03  1.3052E-02  1.1520E-02  4.0160E-03  3.0048E-03
  7.4726E-03  4.6464E-03  1.0816E-02  4.0870E-03  6.1669E-03  5.4427E-03
  6.5597E-03  2.4790E-03  3.3268E-03  1.5011E-03  9.4182E-04  1.2716E-03
  6.1127E-04  5.9717E-04  1.7039E-03  2.5701E-03  4.2706E-03  3.3255E-03
  1.1144E-03  1.4757E-03  2.0172E-03  1.5709E-03  1.2236E-03  6.0006E-04
  3.5267E-04  3.1931E-04  2.8883E-04  1.3402E-04  1.2734E-04  2.3656E-04
  2.1394E-04  4.5014E-04  3.5047E-04  2.7301E-04  2.1259E-04  1.6558E-04
  1.2895E-04  1.0042E-04  7.8219E-05  6.0906E-05  4.7445E-05  3.6939E-05
  2.8777E-05  2.2405E-05  1.7453E-05  1.3590E-05  1.0585E-05  8.2435E-06
  6.4200E-06  5.0003E-06  3.8937E-06  3.0330E-06  2.3615E-06  1.8396E-06
  1.4323E-06  1.1158E-06  8.6880E-07  6.7669E-07  5.2699E-07  4.1042E-07
  3.1966E-07  2.4891E-07  1.9389E-07  1.5096E-07  1.1761E-07  3.1400E-07
  9.9991E-08
 1.000
Spectrum for            1           1           1  written                                          
