  2.3075E+00  4.2795E-01  4.1736E-01  8.0407E-01  7.6499E-01  3.6822E-01
  3.5923E-01  3.5043E-01  3.4165E-01  6.5830E-01  3.1717E-01  3.0918E-01
  5.9568E-01  5.6661E-01  5.3904E-01  5.1267E-01  4.8771E-01  4.6393E-01
  4.4128E-01  4.1977E-01  3.9930E-01  3.7983E-01  3.6130E-01  3.4367E-01
  1.1080E-01  2.1612E-01  3.1097E-01  2.9581E-01  2.8138E-01  2.6766E-01
  2.5461E-01  2.4219E-01  2.3036E-01  4.2759E-01  3.8692E-01  3.5008E-01
  1.6235E-01  1.5443E-01  1.4688E-01  1.3972E-01  1.3293E-01  1.2642E-01
  8.0841E-02  1.9800E-02  1.9629E-02  3.8767E-02  7.5632E-02  1.0883E-01
  1.0350E-01  9.8476E-02  9.3667E-02  8.9089E-02  8.4780E-02  8.0607E-02
  7.6688E-02  7.2920E-02  6.9401E-02  6.5987E-02  6.2797E-02  5.9720E-02
  5.6797E-02  1.0547E-01  4.0902E-02  5.4497E-02  4.4234E-02  4.2066E-02
  4.0027E-02  3.8086E-02  3.6250E-02  3.4445E-02  3.2737E-02  3.1225E-02
  2.9607E-02  2.8277E-02  2.6760E-02  2.5534E-02  4.7419E-02  4.2815E-02
  1.9873E-02  1.8914E-02  3.5177E-02  3.1638E-02  3.5374E-03  1.3104E-03
  2.7306E-03  7.1314E-03  1.4099E-02  2.5882E-02  1.2211E-02  1.1308E-02
  1.0972E-02  1.0324E-02  9.8940E-03  9.3392E-03  9.0142E-03  8.3542E-03
  8.3547E-03  7.3947E-03  7.3696E-03  7.0696E-03  6.3835E-03  6.3833E-03
  6.1656E-03  5.3972E-03  1.3420E-02  1.1024E-02  4.1892E-03  3.2718E-03
  6.9495E-03  4.5604E-03  1.1120E-02  3.6402E-03  6.0669E-03  6.0669E-03
  5.7264E-03  2.1294E-03  3.1343E-03  1.5360E-03  1.0079E-03  1.4196E-03
  7.0978E-04  7.0979E-04  2.1294E-03  3.0206E-03  2.2989E-04  2.2990E-04
  9.1955E-05  1.3794E-04  2.2990E-04  2.2990E-04  2.2990E-04  1.3794E-04
  9.1959E-05  9.1960E-05  9.1957E-05  4.5979E-05  4.5980E-05  9.1961E-05
  9.1959E-05  2.2990E-04  2.2989E-04  2.2990E-04  2.2990E-04  2.2990E-04
  2.2990E-04  2.2990E-04  2.2990E-04  2.2990E-04  2.2990E-04  2.2990E-04
  2.2990E-04  2.2990E-04  2.2990E-04  2.2990E-04  2.2990E-04  2.2990E-04
  2.2990E-04  2.2990E-04  2.2990E-04  2.2990E-04  2.2989E-04  2.2990E-04
  2.2990E-04  2.2990E-04  2.2990E-04  2.2990E-04  2.2990E-04  2.2990E-04
  2.2990E-04  2.2990E-04  2.2990E-04  2.2990E-04  2.2990E-04  1.3064E-03
  8.4697E-03
 1.000
Spectrum for            1           1           1  written                                          
