  10010  10030  TRITON     0- 60 MeV ;    1MeV-steps
  0.7313E-02  0.1317E-01  0.1817E-01  0.2313E-01  0.2803E-01  0.3288E-01
  0.3768E-01  0.4242E-01  0.4712E-01  0.5176E-01  0.5634E-01  0.6088E-01
  0.6537E-01  0.6982E-01  0.7421E-01  0.7857E-01  0.8288E-01  0.8716E-01
  0.9139E-01  0.9559E-01  0.9976E-01  0.1039E+00  0.1080E+00  0.1121E+00
  0.1161E+00  0.1201E+00  0.1241E+00  0.1281E+00  0.1320E+00  0.1360E+00
  0.1399E+00  0.1437E+00  0.1476E+00  0.1515E+00  0.1553E+00  0.1591E+00
  0.1629E+00  0.1667E+00  0.1704E+00  0.1742E+00  0.1779E+00  0.1816E+00
  0.1853E+00  0.1890E+00  0.1927E+00  0.1963E+00  0.2000E+00  0.2036E+00
  0.2073E+00  0.2109E+00  0.2145E+00  0.2181E+00  0.2217E+00  0.2253E+00
  0.2288E+00  0.2324E+00  0.2360E+00  0.2395E+00  0.2430E+00  0.2466E+00
  20040  10030  TRITON     0- 60 MeV ;    1MeV-steps
  0.1078E-01  0.1774E-01  0.2468E-01  0.3145E-01  0.3806E-01  0.4451E-01
  0.5084E-01  0.5704E-01  0.6313E-01  0.6911E-01  0.7500E-01  0.8081E-01
  0.8653E-01  0.9218E-01  0.9777E-01  0.1033E+00  0.1088E+00  0.1142E+00
  0.1195E+00  0.1248E+00  0.1301E+00  0.1354E+00  0.1405E+00  0.1457E+00
  0.1508E+00  0.1559E+00  0.1610E+00  0.1660E+00  0.1710E+00  0.1760E+00
  0.1809E+00  0.1858E+00  0.1907E+00  0.1955E+00  0.2004E+00  0.2052E+00
  0.2100E+00  0.2147E+00  0.2195E+00  0.2242E+00  0.2289E+00  0.2336E+00
  0.2382E+00  0.2429E+00  0.2475E+00  0.2521E+00  0.2567E+00  0.2613E+00
  0.2659E+00  0.2704E+00  0.2750E+00  0.2795E+00  0.2840E+00  0.2886E+00
  0.2931E+00  0.2975E+00  0.3020E+00  0.3065E+00  0.3109E+00  0.3154E+00
  30070  10030  TRITON     0- 60 MeV ;    1MeV-steps
  0.3076E-02  0.5139E-02  0.7118E-02  0.9028E-02  0.1088E-01  0.1267E-01
  0.1442E-01  0.1612E-01  0.1778E-01  0.1941E-01  0.2101E-01  0.2259E-01
  0.2413E-01  0.2566E-01  0.2717E-01  0.2866E-01  0.3013E-01  0.3159E-01
  0.3303E-01  0.3447E-01  0.3589E-01  0.3730E-01  0.3869E-01  0.4008E-01
  0.4146E-01  0.4284E-01  0.4420E-01  0.4555E-01  0.4690E-01  0.4824E-01
  0.4957E-01  0.5090E-01  0.5221E-01  0.5353E-01  0.5483E-01  0.5613E-01
  0.5742E-01  0.5871E-01  0.5999E-01  0.6127E-01  0.6255E-01  0.6381E-01
  0.6508E-01  0.6634E-01  0.6759E-01  0.6884E-01  0.7009E-01  0.7133E-01
  0.7257E-01  0.7381E-01  0.7504E-01  0.7626E-01  0.7749E-01  0.7871E-01
  0.7992E-01  0.8113E-01  0.8233E-01  0.8353E-01  0.8473E-01  0.8592E-01
  40090  10030  TRITON     0- 60 MeV ;    1MeV-steps
  0.1042E-02  0.1639E-02  0.2178E-02  0.2714E-02  0.3243E-02  0.3765E-02
  0.4278E-02  0.4780E-02  0.5273E-02  0.5756E-02  0.6228E-02  0.6691E-02
  0.7145E-02  0.7591E-02  0.8029E-02  0.8461E-02  0.8887E-02  0.9307E-02
  0.9723E-02  0.1014E-01  0.1054E-01  0.1095E-01  0.1136E-01  0.1176E-01
  0.1216E-01  0.1256E-01  0.1295E-01  0.1335E-01  0.1375E-01  0.1414E-01
  0.1453E-01  0.1492E-01  0.1531E-01  0.1569E-01  0.1607E-01  0.1645E-01
  0.1683E-01  0.1721E-01  0.1758E-01  0.1794E-01  0.1831E-01  0.1867E-01
  0.1903E-01  0.1939E-01  0.1974E-01  0.2010E-01  0.2045E-01  0.2080E-01
  0.2116E-01  0.2151E-01  0.2186E-01  0.2222E-01  0.2258E-01  0.2294E-01
  0.2330E-01  0.2366E-01  0.2403E-01  0.2440E-01  0.2477E-01  0.2514E-01
  50110  10030  TRITON     0- 60 MeV ;    1MeV-steps
  0.7749E-03  0.1290E-02  0.1758E-02  0.2201E-02  0.2624E-02  0.3029E-02
  0.3420E-02  0.3799E-02  0.4168E-02  0.4529E-02  0.4884E-02  0.5232E-02
  0.5576E-02  0.5916E-02  0.6253E-02  0.6587E-02  0.6919E-02  0.7248E-02
  0.7575E-02  0.7900E-02  0.8223E-02  0.8544E-02  0.8863E-02  0.9179E-02
  0.9494E-02  0.9807E-02  0.1012E-01  0.1043E-01  0.1073E-01  0.1104E-01
  0.1134E-01  0.1164E-01  0.1194E-01  0.1223E-01  0.1253E-01  0.1282E-01
  0.1311E-01  0.1340E-01  0.1369E-01  0.1398E-01  0.1426E-01  0.1455E-01
  0.1483E-01  0.1511E-01  0.1539E-01  0.1568E-01  0.1595E-01  0.1623E-01
  0.1651E-01  0.1679E-01  0.1706E-01  0.1734E-01  0.1761E-01  0.1788E-01
  0.1815E-01  0.1842E-01  0.1868E-01  0.1895E-01  0.1921E-01  0.1947E-01
  60120  10030  TRITON     0- 60 MeV ;    1MeV-steps
  0.8207E-03  0.1339E-02  0.1828E-02  0.2289E-02  0.2728E-02  0.3149E-02
  0.3556E-02  0.3951E-02  0.4337E-02  0.4716E-02  0.5088E-02  0.5456E-02
  0.5819E-02  0.6178E-02  0.6534E-02  0.6886E-02  0.7235E-02  0.7581E-02
  0.7923E-02  0.8262E-02  0.8597E-02  0.8928E-02  0.9256E-02  0.9581E-02
  0.9901E-02  0.1022E-01  0.1053E-01  0.1084E-01  0.1115E-01  0.1146E-01
  0.1176E-01  0.1206E-01  0.1236E-01  0.1266E-01  0.1296E-01  0.1326E-01
  0.1355E-01  0.1385E-01  0.1415E-01  0.1445E-01  0.1475E-01  0.1505E-01
  0.1535E-01  0.1565E-01  0.1595E-01  0.1625E-01  0.1655E-01  0.1685E-01
  0.1715E-01  0.1744E-01  0.1774E-01  0.1803E-01  0.1832E-01  0.1860E-01
  0.1888E-01  0.1915E-01  0.1942E-01  0.1968E-01  0.1994E-01  0.2020E-01
  70140  10030  TRITON     0- 60 MeV ;    1MeV-steps
  0.2486E-02  0.3904E-02  0.5072E-02  0.6206E-02  0.7310E-02  0.8386E-02
  0.9437E-02  0.1047E-01  0.1148E-01  0.1247E-01  0.1345E-01  0.1441E-01
  0.1536E-01  0.1630E-01  0.1722E-01  0.1814E-01  0.1905E-01  0.1995E-01
  0.2084E-01  0.2172E-01  0.2260E-01  0.2347E-01  0.2433E-01  0.2519E-01
  0.2604E-01  0.2688E-01  0.2772E-01  0.2855E-01  0.2938E-01  0.3019E-01
  0.3101E-01  0.3182E-01  0.3262E-01  0.3342E-01  0.3421E-01  0.3500E-01
  0.3579E-01  0.3657E-01  0.3734E-01  0.3812E-01  0.3889E-01  0.3965E-01
  0.4042E-01  0.4118E-01  0.4194E-01  0.4270E-01  0.4346E-01  0.4422E-01
  0.4498E-01  0.4573E-01  0.4649E-01  0.4725E-01  0.4800E-01  0.4876E-01
  0.4952E-01  0.5027E-01  0.5102E-01  0.5177E-01  0.5252E-01  0.5326E-01
  80160  10030  TRITON     0- 60 MeV ;    1MeV-steps
  0.1936E-02  0.2912E-02  0.3759E-02  0.4580E-02  0.5377E-02  0.6154E-02
  0.6914E-02  0.7658E-02  0.8388E-02  0.9106E-02  0.9813E-02  0.1051E-01
  0.1120E-01  0.1188E-01  0.1255E-01  0.1322E-01  0.1388E-01  0.1453E-01
  0.1517E-01  0.1581E-01  0.1645E-01  0.1708E-01  0.1770E-01  0.1832E-01
  0.1893E-01  0.1954E-01  0.2014E-01  0.2074E-01  0.2133E-01  0.2192E-01
  0.2251E-01  0.2309E-01  0.2367E-01  0.2425E-01  0.2483E-01  0.2540E-01
  0.2597E-01  0.2654E-01  0.2710E-01  0.2767E-01  0.2823E-01  0.2879E-01
  0.2935E-01  0.2991E-01  0.3047E-01  0.3102E-01  0.3157E-01  0.3212E-01
  0.3267E-01  0.3321E-01  0.3375E-01  0.3429E-01  0.3482E-01  0.3535E-01
  0.3588E-01  0.3640E-01  0.3692E-01  0.3743E-01  0.3794E-01  0.3845E-01
  90190  10030  TRITON     0- 60 MeV ;    1MeV-steps
  0.2467E-02  0.3397E-02  0.4304E-02  0.5201E-02  0.6087E-02  0.6959E-02
  0.7817E-02  0.8661E-02  0.9489E-02  0.1030E-01  0.1110E-01  0.1189E-01
  0.1266E-01  0.1342E-01  0.1417E-01  0.1491E-01  0.1564E-01  0.1636E-01
  0.1707E-01  0.1777E-01  0.1847E-01  0.1917E-01  0.1985E-01  0.2054E-01
  0.2122E-01  0.2190E-01  0.2257E-01  0.2324E-01  0.2391E-01  0.2457E-01
  0.2523E-01  0.2589E-01  0.2654E-01  0.2719E-01  0.2784E-01  0.2848E-01
  0.2912E-01  0.2976E-01  0.3039E-01  0.3102E-01  0.3164E-01  0.3226E-01
  0.3288E-01  0.3349E-01  0.3410E-01  0.3470E-01  0.3530E-01  0.3590E-01
  0.3650E-01  0.3709E-01  0.3768E-01  0.3828E-01  0.3887E-01  0.3946E-01
  0.4006E-01  0.4065E-01  0.4124E-01  0.4184E-01  0.4244E-01  0.4304E-01
 100200  10030  TRITON     0- 60 MeV ;    1MeV-steps
  0.2165E-02  0.3040E-02  0.3925E-02  0.4786E-02  0.5626E-02  0.6445E-02
  0.7244E-02  0.8025E-02  0.8788E-02  0.9535E-02  0.1027E-01  0.1098E-01
  0.1169E-01  0.1238E-01  0.1307E-01  0.1374E-01  0.1440E-01  0.1506E-01
  0.1571E-01  0.1635E-01  0.1698E-01  0.1761E-01  0.1824E-01  0.1886E-01
  0.1947E-01  0.2008E-01  0.2069E-01  0.2130E-01  0.2190E-01  0.2250E-01
  0.2309E-01  0.2368E-01  0.2427E-01  0.2486E-01  0.2544E-01  0.2602E-01
  0.2659E-01  0.2717E-01  0.2774E-01  0.2831E-01  0.2887E-01  0.2944E-01
  0.3000E-01  0.3055E-01  0.3111E-01  0.3166E-01  0.3221E-01  0.3276E-01
  0.3331E-01  0.3385E-01  0.3440E-01  0.3494E-01  0.3548E-01  0.3602E-01
  0.3656E-01  0.3710E-01  0.3764E-01  0.3817E-01  0.3870E-01  0.3923E-01
 110230  10030  TRITON     0- 60 MeV ;    1MeV-steps
  0.2270E-02  0.3740E-02  0.5053E-02  0.6283E-02  0.7443E-02  0.8545E-02
  0.9600E-02  0.1062E-01  0.1160E-01  0.1256E-01  0.1350E-01  0.1442E-01
  0.1533E-01  0.1622E-01  0.1711E-01  0.1798E-01  0.1885E-01  0.1971E-01
  0.2057E-01  0.2141E-01  0.2225E-01  0.2308E-01  0.2391E-01  0.2472E-01
  0.2553E-01  0.2634E-01  0.2713E-01  0.2792E-01  0.2870E-01  0.2947E-01
  0.3023E-01  0.3099E-01  0.3175E-01  0.3250E-01  0.3324E-01  0.3398E-01
  0.3472E-01  0.3545E-01  0.3618E-01  0.3691E-01  0.3764E-01  0.3837E-01
  0.3909E-01  0.3982E-01  0.4054E-01  0.4126E-01  0.4198E-01  0.4270E-01
  0.4342E-01  0.4413E-01  0.4484E-01  0.4554E-01  0.4625E-01  0.4694E-01
  0.4763E-01  0.4831E-01  0.4899E-01  0.4966E-01  0.5032E-01  0.5097E-01
 120240  10030  TRITON     0- 60 MeV ;    1MeV-steps
  0.1493E-02  0.2215E-02  0.2875E-02  0.3508E-02  0.4117E-02  0.4705E-02
  0.5275E-02  0.5830E-02  0.6370E-02  0.6898E-02  0.7416E-02  0.7924E-02
  0.8423E-02  0.8915E-02  0.9400E-02  0.9879E-02  0.1035E-01  0.1082E-01
  0.1128E-01  0.1174E-01  0.1219E-01  0.1264E-01  0.1309E-01  0.1353E-01
  0.1397E-01  0.1440E-01  0.1483E-01  0.1526E-01  0.1569E-01  0.1611E-01
  0.1653E-01  0.1694E-01  0.1736E-01  0.1777E-01  0.1818E-01  0.1858E-01
  0.1899E-01  0.1939E-01  0.1979E-01  0.2019E-01  0.2059E-01  0.2098E-01
  0.2138E-01  0.2177E-01  0.2217E-01  0.2256E-01  0.2294E-01  0.2333E-01
  0.2372E-01  0.2410E-01  0.2449E-01  0.2487E-01  0.2525E-01  0.2562E-01
  0.2600E-01  0.2637E-01  0.2674E-01  0.2711E-01  0.2748E-01  0.2785E-01
 130270  10030  TRITON     0- 60 MeV ;    1MeV-steps
  0.9756E-03  0.1448E-02  0.1910E-02  0.2345E-02  0.2759E-02  0.3154E-02
  0.3535E-02  0.3904E-02  0.4263E-02  0.4613E-02  0.4957E-02  0.5295E-02
  0.5628E-02  0.5957E-02  0.6282E-02  0.6604E-02  0.6922E-02  0.7237E-02
  0.7550E-02  0.7859E-02  0.8165E-02  0.8468E-02  0.8767E-02  0.9064E-02
  0.9358E-02  0.9648E-02  0.9936E-02  0.1022E-01  0.1050E-01  0.1078E-01
  0.1106E-01  0.1133E-01  0.1161E-01  0.1188E-01  0.1215E-01  0.1241E-01
  0.1268E-01  0.1295E-01  0.1321E-01  0.1348E-01  0.1374E-01  0.1401E-01
  0.1427E-01  0.1454E-01  0.1480E-01  0.1507E-01  0.1533E-01  0.1559E-01
  0.1585E-01  0.1612E-01  0.1638E-01  0.1663E-01  0.1689E-01  0.1714E-01
  0.1740E-01  0.1764E-01  0.1789E-01  0.1813E-01  0.1838E-01  0.1861E-01
 140280  10030  TRITON     0- 60 MeV ;    1MeV-steps
  0.1095E-02  0.1674E-02  0.2177E-02  0.2662E-02  0.3130E-02  0.3582E-02
  0.4020E-02  0.4445E-02  0.4857E-02  0.5259E-02  0.5651E-02  0.6035E-02
  0.6410E-02  0.6779E-02  0.7141E-02  0.7498E-02  0.7851E-02  0.8199E-02
  0.8543E-02  0.8885E-02  0.9223E-02  0.9559E-02  0.9893E-02  0.1022E-01
  0.1055E-01  0.1088E-01  0.1121E-01  0.1153E-01  0.1186E-01  0.1218E-01
  0.1250E-01  0.1281E-01  0.1313E-01  0.1344E-01  0.1376E-01  0.1407E-01
  0.1438E-01  0.1468E-01  0.1498E-01  0.1529E-01  0.1558E-01  0.1588E-01
  0.1618E-01  0.1647E-01  0.1676E-01  0.1705E-01  0.1733E-01  0.1761E-01
  0.1790E-01  0.1818E-01  0.1846E-01  0.1873E-01  0.1901E-01  0.1929E-01
  0.1957E-01  0.1984E-01  0.2012E-01  0.2040E-01  0.2067E-01  0.2095E-01
 150310  10030  TRITON     0- 60 MeV ;    1MeV-steps
  0.1374E-02  0.2144E-02  0.2834E-02  0.3488E-02  0.4113E-02  0.4710E-02
  0.5285E-02  0.5840E-02  0.6378E-02  0.6902E-02  0.7414E-02  0.7915E-02
  0.8407E-02  0.8891E-02  0.9369E-02  0.9841E-02  0.1031E-01  0.1077E-01
  0.1123E-01  0.1169E-01  0.1214E-01  0.1259E-01  0.1303E-01  0.1348E-01
  0.1392E-01  0.1435E-01  0.1479E-01  0.1522E-01  0.1565E-01  0.1607E-01
  0.1649E-01  0.1691E-01  0.1732E-01  0.1773E-01  0.1814E-01  0.1855E-01
  0.1895E-01  0.1934E-01  0.1974E-01  0.2013E-01  0.2052E-01  0.2091E-01
  0.2129E-01  0.2167E-01  0.2206E-01  0.2244E-01  0.2281E-01  0.2319E-01
  0.2357E-01  0.2394E-01  0.2432E-01  0.2469E-01  0.2507E-01  0.2545E-01
  0.2582E-01  0.2620E-01  0.2657E-01  0.2695E-01  0.2733E-01  0.2770E-01
 160320  10030  TRITON     0- 60 MeV ;    1MeV-steps
  0.1079E-02  0.1814E-02  0.2432E-02  0.3014E-02  0.3566E-02  0.4091E-02
  0.4594E-02  0.5079E-02  0.5547E-02  0.6002E-02  0.6446E-02  0.6880E-02
  0.7306E-02  0.7725E-02  0.8138E-02  0.8545E-02  0.8949E-02  0.9348E-02
  0.9743E-02  0.1014E-01  0.1052E-01  0.1091E-01  0.1129E-01  0.1167E-01
  0.1205E-01  0.1242E-01  0.1279E-01  0.1316E-01  0.1353E-01  0.1389E-01
  0.1425E-01  0.1460E-01  0.1496E-01  0.1531E-01  0.1566E-01  0.1601E-01
  0.1635E-01  0.1670E-01  0.1704E-01  0.1738E-01  0.1772E-01  0.1805E-01
  0.1839E-01  0.1872E-01  0.1906E-01  0.1939E-01  0.1973E-01  0.2006E-01
  0.2039E-01  0.2072E-01  0.2105E-01  0.2138E-01  0.2171E-01  0.2204E-01
  0.2236E-01  0.2269E-01  0.2301E-01  0.2333E-01  0.2365E-01  0.2397E-01
 170350  10030  TRITON     0- 60 MeV ;    1MeV-steps
  0.1550E-02  0.2322E-02  0.2922E-02  0.3501E-02  0.4062E-02  0.4607E-02
  0.5139E-02  0.5660E-02  0.6171E-02  0.6673E-02  0.7167E-02  0.7654E-02
  0.8135E-02  0.8609E-02  0.9077E-02  0.9540E-02  0.9998E-02  0.1045E-01
  0.1090E-01  0.1134E-01  0.1178E-01  0.1221E-01  0.1264E-01  0.1306E-01
  0.1348E-01  0.1390E-01  0.1431E-01  0.1472E-01  0.1512E-01  0.1553E-01
  0.1592E-01  0.1632E-01  0.1672E-01  0.1711E-01  0.1750E-01  0.1789E-01
  0.1828E-01  0.1867E-01  0.1905E-01  0.1944E-01  0.1983E-01  0.2021E-01
  0.2059E-01  0.2098E-01  0.2136E-01  0.2174E-01  0.2212E-01  0.2250E-01
  0.2288E-01  0.2325E-01  0.2362E-01  0.2399E-01  0.2436E-01  0.2472E-01
  0.2507E-01  0.2543E-01  0.2578E-01  0.2612E-01  0.2646E-01  0.2680E-01
 180400  10030  TRITON     0- 60 MeV ;    1MeV-steps
  0.1716E-02  0.2704E-02  0.3557E-02  0.4365E-02  0.5134E-02  0.5869E-02
  0.6574E-02  0.7255E-02  0.7914E-02  0.8554E-02  0.9178E-02  0.9789E-02
  0.1039E-01  0.1098E-01  0.1156E-01  0.1213E-01  0.1269E-01  0.1325E-01
  0.1381E-01  0.1435E-01  0.1490E-01  0.1544E-01  0.1597E-01  0.1650E-01
  0.1703E-01  0.1755E-01  0.1807E-01  0.1858E-01  0.1909E-01  0.1960E-01
  0.2010E-01  0.2060E-01  0.2110E-01  0.2159E-01  0.2208E-01  0.2256E-01
  0.2305E-01  0.2353E-01  0.2401E-01  0.2448E-01  0.2496E-01  0.2543E-01
  0.2590E-01  0.2637E-01  0.2684E-01  0.2730E-01  0.2777E-01  0.2823E-01
  0.2870E-01  0.2916E-01  0.2962E-01  0.3008E-01  0.3054E-01  0.3099E-01
  0.3145E-01  0.3190E-01  0.3236E-01  0.3281E-01  0.3326E-01  0.3370E-01
 190390  10030  TRITON     0- 60 MeV ;    1MeV-steps
  0.2818E-02  0.4508E-02  0.6053E-02  0.7507E-02  0.8883E-02  0.1019E-01
  0.1144E-01  0.1265E-01  0.1381E-01  0.1494E-01  0.1604E-01  0.1712E-01
  0.1818E-01  0.1921E-01  0.2024E-01  0.2125E-01  0.2225E-01  0.2324E-01
  0.2422E-01  0.2520E-01  0.2617E-01  0.2713E-01  0.2808E-01  0.2902E-01
  0.2996E-01  0.3089E-01  0.3182E-01  0.3274E-01  0.3365E-01  0.3455E-01
  0.3545E-01  0.3633E-01  0.3722E-01  0.3809E-01  0.3896E-01  0.3982E-01
  0.4068E-01  0.4153E-01  0.4237E-01  0.4321E-01  0.4404E-01  0.4487E-01
  0.4570E-01  0.4653E-01  0.4735E-01  0.4816E-01  0.4898E-01  0.4979E-01
  0.5060E-01  0.5141E-01  0.5222E-01  0.5303E-01  0.5383E-01  0.5464E-01
  0.5543E-01  0.5624E-01  0.5703E-01  0.5783E-01  0.5862E-01  0.5941E-01
 200400  10030  TRITON     0- 60 MeV ;    1MeV-steps
  0.1634E-02  0.2563E-02  0.3400E-02  0.4186E-02  0.4929E-02  0.5637E-02
  0.6314E-02  0.6966E-02  0.7597E-02  0.8211E-02  0.8810E-02  0.9398E-02
  0.9975E-02  0.1054E-01  0.1110E-01  0.1166E-01  0.1221E-01  0.1275E-01
  0.1329E-01  0.1383E-01  0.1435E-01  0.1488E-01  0.1540E-01  0.1592E-01
  0.1643E-01  0.1693E-01  0.1744E-01  0.1793E-01  0.1843E-01  0.1892E-01
  0.1940E-01  0.1988E-01  0.2036E-01  0.2084E-01  0.2131E-01  0.2178E-01
  0.2224E-01  0.2271E-01  0.2317E-01  0.2363E-01  0.2408E-01  0.2454E-01
  0.2500E-01  0.2545E-01  0.2591E-01  0.2636E-01  0.2681E-01  0.2726E-01
  0.2771E-01  0.2816E-01  0.2861E-01  0.2906E-01  0.2950E-01  0.2995E-01
  0.3038E-01  0.3082E-01  0.3125E-01  0.3168E-01  0.3211E-01  0.3253E-01
 210450  10030  TRITON     0- 60 MeV ;    1MeV-steps
  0.9529E-03  0.1499E-02  0.1981E-02  0.2430E-02  0.2854E-02  0.3255E-02
  0.3639E-02  0.4008E-02  0.4366E-02  0.4715E-02  0.5055E-02  0.5390E-02
  0.5719E-02  0.6044E-02  0.6364E-02  0.6681E-02  0.6994E-02  0.7304E-02
  0.7610E-02  0.7912E-02  0.8211E-02  0.8507E-02  0.8799E-02  0.9088E-02
  0.9373E-02  0.9655E-02  0.9933E-02  0.1021E-01  0.1048E-01  0.1075E-01
  0.1102E-01  0.1129E-01  0.1155E-01  0.1182E-01  0.1208E-01  0.1234E-01
  0.1260E-01  0.1287E-01  0.1313E-01  0.1339E-01  0.1365E-01  0.1392E-01
  0.1418E-01  0.1444E-01  0.1471E-01  0.1497E-01  0.1523E-01  0.1550E-01
  0.1576E-01  0.1601E-01  0.1627E-01  0.1652E-01  0.1677E-01  0.1702E-01
  0.1726E-01  0.1749E-01  0.1772E-01  0.1795E-01  0.1817E-01  0.1839E-01
 220480  10030  TRITON     0- 60 MeV ;    1MeV-steps
  0.6828E-03  0.1051E-02  0.1394E-02  0.1712E-02  0.2007E-02  0.2285E-02
  0.2548E-02  0.2799E-02  0.3040E-02  0.3274E-02  0.3501E-02  0.3724E-02
  0.3943E-02  0.4158E-02  0.4371E-02  0.4581E-02  0.4789E-02  0.4996E-02
  0.5201E-02  0.5405E-02  0.5607E-02  0.5807E-02  0.6006E-02  0.6203E-02
  0.6398E-02  0.6592E-02  0.6784E-02  0.6974E-02  0.7162E-02  0.7349E-02
  0.7534E-02  0.7718E-02  0.7900E-02  0.8081E-02  0.8261E-02  0.8440E-02
  0.8618E-02  0.8795E-02  0.8973E-02  0.9149E-02  0.9325E-02  0.9501E-02
  0.9676E-02  0.9851E-02  0.1003E-01  0.1020E-01  0.1038E-01  0.1055E-01
  0.1072E-01  0.1089E-01  0.1107E-01  0.1124E-01  0.1141E-01  0.1157E-01
  0.1174E-01  0.1190E-01  0.1206E-01  0.1222E-01  0.1238E-01  0.1253E-01
 230510  10030  TRITON     0- 60 MeV ;    1MeV-steps
  0.5391E-03  0.8142E-03  0.1064E-02  0.1298E-02  0.1517E-02  0.1725E-02
  0.1924E-02  0.2115E-02  0.2299E-02  0.2478E-02  0.2653E-02  0.2825E-02
  0.2993E-02  0.3159E-02  0.3323E-02  0.3485E-02  0.3646E-02  0.3805E-02
  0.3962E-02  0.4118E-02  0.4272E-02  0.4424E-02  0.4575E-02  0.4725E-02
  0.4873E-02  0.5019E-02  0.5163E-02  0.5307E-02  0.5448E-02  0.5588E-02
  0.5727E-02  0.5864E-02  0.6001E-02  0.6136E-02  0.6271E-02  0.6404E-02
  0.6538E-02  0.6671E-02  0.6803E-02  0.6936E-02  0.7069E-02  0.7202E-02
  0.7335E-02  0.7469E-02  0.7603E-02  0.7737E-02  0.7872E-02  0.8007E-02
  0.8143E-02  0.8278E-02  0.8413E-02  0.8549E-02  0.8683E-02  0.8816E-02
  0.8949E-02  0.9080E-02  0.9209E-02  0.9337E-02  0.9461E-02  0.9582E-02
 240520  10030  TRITON     0- 60 MeV ;    1MeV-steps
  0.4592E-03  0.6739E-03  0.9083E-03  0.1117E-02  0.1306E-02  0.1480E-02
  0.1644E-02  0.1799E-02  0.1948E-02  0.2094E-02  0.2238E-02  0.2380E-02
  0.2521E-02  0.2661E-02  0.2801E-02  0.2940E-02  0.3078E-02  0.3216E-02
  0.3351E-02  0.3485E-02  0.3617E-02  0.3747E-02  0.3875E-02  0.4000E-02
  0.4123E-02  0.4244E-02  0.4362E-02  0.4479E-02  0.4593E-02  0.4706E-02
  0.4818E-02  0.4930E-02  0.5041E-02  0.5151E-02  0.5263E-02  0.5375E-02
  0.5488E-02  0.5602E-02  0.5718E-02  0.5836E-02  0.5954E-02  0.6074E-02
  0.6195E-02  0.6318E-02  0.6441E-02  0.6564E-02  0.6687E-02  0.6808E-02
  0.6928E-02  0.7044E-02  0.7158E-02  0.7269E-02  0.7372E-02  0.7472E-02
  0.7567E-02  0.7656E-02  0.7738E-02  0.7815E-02  0.7890E-02  0.7965E-02
 250550  10030  TRITON     0- 60 MeV ;    1MeV-steps
  0.4961E-03  0.7027E-03  0.9080E-03  0.1101E-02  0.1284E-02  0.1458E-02
  0.1624E-02  0.1784E-02  0.1938E-02  0.2088E-02  0.2234E-02  0.2376E-02
  0.2516E-02  0.2653E-02  0.2789E-02  0.2923E-02  0.3055E-02  0.3185E-02
  0.3315E-02  0.3443E-02  0.3570E-02  0.3696E-02  0.3821E-02  0.3946E-02
  0.4069E-02  0.4191E-02  0.4312E-02  0.4432E-02  0.4551E-02  0.4669E-02
  0.4786E-02  0.4902E-02  0.5018E-02  0.5132E-02  0.5246E-02  0.5359E-02
  0.5471E-02  0.5582E-02  0.5693E-02  0.5803E-02  0.5913E-02  0.6022E-02
  0.6131E-02  0.6239E-02  0.6347E-02  0.6455E-02  0.6562E-02  0.6670E-02
  0.6777E-02  0.6884E-02  0.6991E-02  0.7098E-02  0.7204E-02  0.7310E-02
  0.7417E-02  0.7523E-02  0.7628E-02  0.7734E-02  0.7839E-02  0.7944E-02
 260560  10030  TRITON     0- 60 MeV ;    1MeV-steps
  0.4719E-03  0.6926E-03  0.8539E-03  0.1018E-02  0.1183E-02  0.1347E-02
  0.1507E-02  0.1663E-02  0.1815E-02  0.1962E-02  0.2103E-02  0.2240E-02
  0.2372E-02  0.2501E-02  0.2625E-02  0.2747E-02  0.2866E-02  0.2983E-02
  0.3098E-02  0.3213E-02  0.3326E-02  0.3440E-02  0.3554E-02  0.3667E-02
  0.3782E-02  0.3896E-02  0.4011E-02  0.4125E-02  0.4240E-02  0.4355E-02
  0.4469E-02  0.4583E-02  0.4696E-02  0.4807E-02  0.4917E-02  0.5026E-02
  0.5132E-02  0.5236E-02  0.5339E-02  0.5438E-02  0.5536E-02  0.5632E-02
  0.5726E-02  0.5818E-02  0.5909E-02  0.5999E-02  0.6088E-02  0.6178E-02
  0.6269E-02  0.6361E-02  0.6454E-02  0.6550E-02  0.6650E-02  0.6753E-02
  0.6858E-02  0.6969E-02  0.7081E-02  0.7199E-02  0.7316E-02  0.7436E-02
 270590  10030  TRITON     0- 60 MeV ;    1MeV-steps
  0.4437E-03  0.6402E-03  0.8022E-03  0.9597E-03  0.1112E-02  0.1261E-02
  0.1404E-02  0.1543E-02  0.1677E-02  0.1807E-02  0.1933E-02  0.2056E-02
  0.2175E-02  0.2291E-02  0.2405E-02  0.2517E-02  0.2627E-02  0.2735E-02
  0.2842E-02  0.2948E-02  0.3053E-02  0.3157E-02  0.3261E-02  0.3365E-02
  0.3468E-02  0.3571E-02  0.3674E-02  0.3777E-02  0.3879E-02  0.3981E-02
  0.4083E-02  0.4185E-02  0.4286E-02  0.4386E-02  0.4486E-02  0.4585E-02
  0.4683E-02  0.4779E-02  0.4875E-02  0.4969E-02  0.5062E-02  0.5154E-02
  0.5244E-02  0.5333E-02  0.5421E-02  0.5507E-02  0.5592E-02  0.5676E-02
  0.5759E-02  0.5841E-02  0.5923E-02  0.6005E-02  0.6086E-02  0.6167E-02
  0.6249E-02  0.6331E-02  0.6414E-02  0.6499E-02  0.6585E-02  0.6672E-02
 280580  10030  TRITON     0- 60 MeV ;    1MeV-steps
  0.4826E-03  0.6543E-03  0.8075E-03  0.9570E-03  0.1102E-02  0.1244E-02
  0.1381E-02  0.1513E-02  0.1642E-02  0.1767E-02  0.1888E-02  0.2006E-02
  0.2122E-02  0.2234E-02  0.2345E-02  0.2453E-02  0.2560E-02  0.2666E-02
  0.2770E-02  0.2874E-02  0.2977E-02  0.3079E-02  0.3181E-02  0.3283E-02
  0.3384E-02  0.3485E-02  0.3585E-02  0.3685E-02  0.3785E-02  0.3884E-02
  0.3982E-02  0.4080E-02  0.4176E-02  0.4272E-02  0.4366E-02  0.4460E-02
  0.4552E-02  0.4643E-02  0.4732E-02  0.4820E-02  0.4907E-02  0.4992E-02
  0.5077E-02  0.5160E-02  0.5243E-02  0.5325E-02  0.5406E-02  0.5487E-02
  0.5569E-02  0.5650E-02  0.5733E-02  0.5816E-02  0.5900E-02  0.5986E-02
  0.6073E-02  0.6162E-02  0.6253E-02  0.6345E-02  0.6438E-02  0.6534E-02
 290630  10030  TRITON     0- 60 MeV ;    1MeV-steps
  0.5249E-03  0.7061E-03  0.8587E-03  0.1010E-02  0.1159E-02  0.1305E-02
  0.1449E-02  0.1588E-02  0.1725E-02  0.1857E-02  0.1986E-02  0.2112E-02
  0.2234E-02  0.2354E-02  0.2471E-02  0.2585E-02  0.2697E-02  0.2807E-02
  0.2916E-02  0.3023E-02  0.3129E-02  0.3234E-02  0.3338E-02  0.3441E-02
  0.3544E-02  0.3647E-02  0.3749E-02  0.3852E-02  0.3953E-02  0.4055E-02
  0.4156E-02  0.4257E-02  0.4358E-02  0.4458E-02  0.4558E-02  0.4657E-02
  0.4755E-02  0.4852E-02  0.4949E-02  0.5045E-02  0.5140E-02  0.5233E-02
  0.5326E-02  0.5418E-02  0.5509E-02  0.5599E-02  0.5688E-02  0.5776E-02
  0.5864E-02  0.5951E-02  0.6038E-02  0.6125E-02  0.6212E-02  0.6299E-02
  0.6388E-02  0.6476E-02  0.6566E-02  0.6657E-02  0.6749E-02  0.6843E-02
 300640  10030  TRITON     0- 60 MeV ;    1MeV-steps
  0.6421E-03  0.8823E-03  0.1086E-02  0.1285E-02  0.1477E-02  0.1664E-02
  0.1845E-02  0.2021E-02  0.2191E-02  0.2357E-02  0.2518E-02  0.2674E-02
  0.2827E-02  0.2976E-02  0.3122E-02  0.3265E-02  0.3405E-02  0.3544E-02
  0.3680E-02  0.3816E-02  0.3949E-02  0.4082E-02  0.4214E-02  0.4345E-02
  0.4475E-02  0.4605E-02  0.4734E-02  0.4863E-02  0.4992E-02  0.5119E-02
  0.5247E-02  0.5374E-02  0.5500E-02  0.5625E-02  0.5750E-02  0.5874E-02
  0.5997E-02  0.6119E-02  0.6240E-02  0.6360E-02  0.6479E-02  0.6598E-02
  0.6715E-02  0.6831E-02  0.6947E-02  0.7062E-02  0.7176E-02  0.7289E-02
  0.7402E-02  0.7515E-02  0.7628E-02  0.7740E-02  0.7853E-02  0.7965E-02
  0.8078E-02  0.8191E-02  0.8304E-02  0.8417E-02  0.8530E-02  0.8642E-02
 310690  10030  TRITON     0- 60 MeV ;    1MeV-steps
  0.8480E-03  0.1130E-02  0.1359E-02  0.1590E-02  0.1820E-02  0.2047E-02
  0.2270E-02  0.2489E-02  0.2702E-02  0.2910E-02  0.3112E-02  0.3309E-02
  0.3500E-02  0.3687E-02  0.3869E-02  0.4046E-02  0.4220E-02  0.4391E-02
  0.4559E-02  0.4725E-02  0.4890E-02  0.5053E-02  0.5215E-02  0.5376E-02
  0.5536E-02  0.5697E-02  0.5857E-02  0.6017E-02  0.6177E-02  0.6336E-02
  0.6496E-02  0.6655E-02  0.6813E-02  0.6971E-02  0.7128E-02  0.7284E-02
  0.7438E-02  0.7592E-02  0.7743E-02  0.7893E-02  0.8041E-02  0.8188E-02
  0.8332E-02  0.8475E-02  0.8616E-02  0.8755E-02  0.8893E-02  0.9030E-02
  0.9166E-02  0.9302E-02  0.9436E-02  0.9572E-02  0.9708E-02  0.9845E-02
  0.9983E-02  0.1012E-01  0.1027E-01  0.1041E-01  0.1055E-01  0.1070E-01
 320740  10030  TRITON     0- 60 MeV ;    1MeV-steps
  0.8461E-03  0.1184E-02  0.1492E-02  0.1783E-02  0.2057E-02  0.2319E-02
  0.2569E-02  0.2810E-02  0.3042E-02  0.3268E-02  0.3487E-02  0.3702E-02
  0.3912E-02  0.4119E-02  0.4322E-02  0.4523E-02  0.4721E-02  0.4917E-02
  0.5110E-02  0.5302E-02  0.5492E-02  0.5680E-02  0.5867E-02  0.6051E-02
  0.6235E-02  0.6417E-02  0.6597E-02  0.6776E-02  0.6953E-02  0.7130E-02
  0.7304E-02  0.7478E-02  0.7650E-02  0.7822E-02  0.7992E-02  0.8161E-02
  0.8329E-02  0.8497E-02  0.8663E-02  0.8829E-02  0.8994E-02  0.9159E-02
  0.9323E-02  0.9486E-02  0.9649E-02  0.9811E-02  0.9973E-02  0.1013E-01
  0.1030E-01  0.1045E-01  0.1061E-01  0.1077E-01  0.1093E-01  0.1109E-01
  0.1124E-01  0.1140E-01  0.1155E-01  0.1170E-01  0.1185E-01  0.1200E-01
 330750  10030  TRITON     0- 60 MeV ;    1MeV-steps
  0.8004E-03  0.1146E-02  0.1424E-02  0.1692E-02  0.1951E-02  0.2201E-02
  0.2442E-02  0.2673E-02  0.2897E-02  0.3112E-02  0.3321E-02  0.3523E-02
  0.3719E-02  0.3911E-02  0.4099E-02  0.4283E-02  0.4465E-02  0.4644E-02
  0.4822E-02  0.4998E-02  0.5173E-02  0.5348E-02  0.5522E-02  0.5696E-02
  0.5869E-02  0.6042E-02  0.6215E-02  0.6387E-02  0.6558E-02  0.6728E-02
  0.6897E-02  0.7065E-02  0.7231E-02  0.7395E-02  0.7557E-02  0.7716E-02
  0.7874E-02  0.8028E-02  0.8181E-02  0.8330E-02  0.8478E-02  0.8623E-02
  0.8767E-02  0.8908E-02  0.9049E-02  0.9188E-02  0.9328E-02  0.9467E-02
  0.9607E-02  0.9748E-02  0.9892E-02  0.1004E-01  0.1019E-01  0.1034E-01
  0.1049E-01  0.1065E-01  0.1081E-01  0.1098E-01  0.1115E-01  0.1132E-01
 340800  10030  TRITON     0- 60 MeV ;    1MeV-steps
  0.9848E-03  0.1388E-02  0.1754E-02  0.2096E-02  0.2419E-02  0.2726E-02
  0.3018E-02  0.3298E-02  0.3567E-02  0.3828E-02  0.4082E-02  0.4329E-02
  0.4571E-02  0.4808E-02  0.5042E-02  0.5271E-02  0.5498E-02  0.5722E-02
  0.5943E-02  0.6162E-02  0.6379E-02  0.6594E-02  0.6807E-02  0.7018E-02
  0.7227E-02  0.7435E-02  0.7641E-02  0.7845E-02  0.8048E-02  0.8249E-02
  0.8449E-02  0.8648E-02  0.8845E-02  0.9041E-02  0.9236E-02  0.9430E-02
  0.9623E-02  0.9814E-02  0.1001E-01  0.1020E-01  0.1038E-01  0.1057E-01
  0.1076E-01  0.1094E-01  0.1113E-01  0.1131E-01  0.1150E-01  0.1168E-01
  0.1186E-01  0.1203E-01  0.1221E-01  0.1238E-01  0.1256E-01  0.1273E-01
  0.1289E-01  0.1306E-01  0.1323E-01  0.1339E-01  0.1356E-01  0.1372E-01
 350790  10030  TRITON     0- 60 MeV ;    1MeV-steps
  0.1636E-02  0.2279E-02  0.2778E-02  0.3252E-02  0.3704E-02  0.4137E-02
  0.4553E-02  0.4955E-02  0.5344E-02  0.5723E-02  0.6092E-02  0.6454E-02
  0.6809E-02  0.7158E-02  0.7503E-02  0.7843E-02  0.8179E-02  0.8512E-02
  0.8842E-02  0.9170E-02  0.9495E-02  0.9817E-02  0.1014E-01  0.1046E-01
  0.1077E-01  0.1109E-01  0.1140E-01  0.1171E-01  0.1201E-01  0.1232E-01
  0.1262E-01  0.1292E-01  0.1322E-01  0.1352E-01  0.1381E-01  0.1410E-01
  0.1439E-01  0.1468E-01  0.1496E-01  0.1524E-01  0.1552E-01  0.1580E-01
  0.1608E-01  0.1635E-01  0.1663E-01  0.1690E-01  0.1717E-01  0.1744E-01
  0.1771E-01  0.1798E-01  0.1825E-01  0.1852E-01  0.1879E-01  0.1906E-01
  0.1933E-01  0.1959E-01  0.1986E-01  0.2013E-01  0.2040E-01  0.2067E-01
 360840  10030  TRITON     0- 60 MeV ;    1MeV-steps
  0.1805E-02  0.2600E-02  0.3252E-02  0.3864E-02  0.4442E-02  0.4991E-02
  0.5517E-02  0.6022E-02  0.6510E-02  0.6985E-02  0.7447E-02  0.7900E-02
  0.8345E-02  0.8782E-02  0.9214E-02  0.9640E-02  0.1006E-01  0.1048E-01
  0.1089E-01  0.1130E-01  0.1171E-01  0.1211E-01  0.1250E-01  0.1290E-01
  0.1329E-01  0.1367E-01  0.1405E-01  0.1443E-01  0.1480E-01  0.1517E-01
  0.1554E-01  0.1590E-01  0.1626E-01  0.1662E-01  0.1698E-01  0.1733E-01
  0.1768E-01  0.1803E-01  0.1837E-01  0.1872E-01  0.1906E-01  0.1940E-01
  0.1975E-01  0.2009E-01  0.2043E-01  0.2077E-01  0.2112E-01  0.2146E-01
  0.2180E-01  0.2214E-01  0.2248E-01  0.2282E-01  0.2316E-01  0.2350E-01
  0.2384E-01  0.2417E-01  0.2450E-01  0.2483E-01  0.2515E-01  0.2547E-01
 370850  10030  TRITON     0- 60 MeV ;    1MeV-steps
  0.2651E-02  0.4173E-02  0.5372E-02  0.6485E-02  0.7527E-02  0.8507E-02
  0.9437E-02  0.1032E-01  0.1117E-01  0.1200E-01  0.1279E-01  0.1357E-01
  0.1433E-01  0.1507E-01  0.1580E-01  0.1653E-01  0.1724E-01  0.1794E-01
  0.1864E-01  0.1933E-01  0.2001E-01  0.2069E-01  0.2136E-01  0.2202E-01
  0.2268E-01  0.2333E-01  0.2398E-01  0.2462E-01  0.2526E-01  0.2589E-01
  0.2651E-01  0.2713E-01  0.2775E-01  0.2836E-01  0.2897E-01  0.2957E-01
  0.3017E-01  0.3077E-01  0.3136E-01  0.3195E-01  0.3254E-01  0.3313E-01
  0.3372E-01  0.3430E-01  0.3488E-01  0.3546E-01  0.3604E-01  0.3662E-01
  0.3719E-01  0.3776E-01  0.3833E-01  0.3889E-01  0.3945E-01  0.4000E-01
  0.4055E-01  0.4110E-01  0.4164E-01  0.4217E-01  0.4270E-01  0.4323E-01
 380880  10030  TRITON     0- 60 MeV ;    1MeV-steps
  0.1692E-02  0.2561E-02  0.3295E-02  0.3968E-02  0.4591E-02  0.5173E-02
  0.5723E-02  0.6246E-02  0.6748E-02  0.7234E-02  0.7707E-02  0.8170E-02
  0.8625E-02  0.9073E-02  0.9515E-02  0.9953E-02  0.1039E-01  0.1082E-01
  0.1124E-01  0.1166E-01  0.1208E-01  0.1249E-01  0.1290E-01  0.1330E-01
  0.1370E-01  0.1410E-01  0.1449E-01  0.1487E-01  0.1525E-01  0.1562E-01
  0.1600E-01  0.1636E-01  0.1673E-01  0.1709E-01  0.1745E-01  0.1780E-01
  0.1816E-01  0.1851E-01  0.1887E-01  0.1922E-01  0.1958E-01  0.1993E-01
  0.2028E-01  0.2064E-01  0.2099E-01  0.2134E-01  0.2170E-01  0.2205E-01
  0.2240E-01  0.2275E-01  0.2310E-01  0.2345E-01  0.2379E-01  0.2412E-01
  0.2446E-01  0.2478E-01  0.2511E-01  0.2542E-01  0.2574E-01  0.2604E-01
 390890  10030  TRITON     0- 60 MeV ;    1MeV-steps
  0.9956E-03  0.1504E-02  0.1929E-02  0.2319E-02  0.2679E-02  0.3015E-02
  0.3331E-02  0.3630E-02  0.3916E-02  0.4191E-02  0.4457E-02  0.4717E-02
  0.4971E-02  0.5221E-02  0.5468E-02  0.5711E-02  0.5952E-02  0.6190E-02
  0.6427E-02  0.6661E-02  0.6894E-02  0.7125E-02  0.7353E-02  0.7580E-02
  0.7804E-02  0.8026E-02  0.8246E-02  0.8464E-02  0.8680E-02  0.8894E-02
  0.9105E-02  0.9315E-02  0.9523E-02  0.9729E-02  0.9934E-02  0.1014E-01
  0.1034E-01  0.1054E-01  0.1074E-01  0.1094E-01  0.1114E-01  0.1134E-01
  0.1154E-01  0.1174E-01  0.1194E-01  0.1214E-01  0.1234E-01  0.1254E-01
  0.1274E-01  0.1294E-01  0.1314E-01  0.1334E-01  0.1353E-01  0.1373E-01
  0.1392E-01  0.1411E-01  0.1430E-01  0.1448E-01  0.1467E-01  0.1485E-01
 400900  10030  TRITON     0- 60 MeV ;    1MeV-steps
  0.7267E-03  0.1088E-02  0.1370E-02  0.1633E-02  0.1877E-02  0.2107E-02
  0.2325E-02  0.2533E-02  0.2733E-02  0.2926E-02  0.3114E-02  0.3297E-02
  0.3477E-02  0.3653E-02  0.3828E-02  0.4000E-02  0.4170E-02  0.4338E-02
  0.4505E-02  0.4670E-02  0.4834E-02  0.4996E-02  0.5156E-02  0.5315E-02
  0.5472E-02  0.5627E-02  0.5781E-02  0.5932E-02  0.6082E-02  0.6230E-02
  0.6376E-02  0.6520E-02  0.6663E-02  0.6805E-02  0.6945E-02  0.7084E-02
  0.7222E-02  0.7359E-02  0.7496E-02  0.7633E-02  0.7769E-02  0.7906E-02
  0.8043E-02  0.8181E-02  0.8319E-02  0.8458E-02  0.8599E-02  0.8740E-02
  0.8882E-02  0.9026E-02  0.9169E-02  0.9314E-02  0.9459E-02  0.9604E-02
  0.9750E-02  0.9893E-02  0.1004E-01  0.1018E-01  0.1031E-01  0.1045E-01
 410930  10030  TRITON     0- 60 MeV ;    1MeV-steps
  0.5070E-03  0.7944E-03  0.1009E-02  0.1211E-02  0.1402E-02  0.1582E-02
  0.1753E-02  0.1917E-02  0.2073E-02  0.2223E-02  0.2369E-02  0.2509E-02
  0.2646E-02  0.2780E-02  0.2910E-02  0.3038E-02  0.3164E-02  0.3289E-02
  0.3412E-02  0.3534E-02  0.3654E-02  0.3774E-02  0.3893E-02  0.4011E-02
  0.4129E-02  0.4246E-02  0.4362E-02  0.4478E-02  0.4593E-02  0.4708E-02
  0.4822E-02  0.4935E-02  0.5047E-02  0.5159E-02  0.5270E-02  0.5381E-02
  0.5490E-02  0.5599E-02  0.5707E-02  0.5814E-02  0.5921E-02  0.6027E-02
  0.6132E-02  0.6236E-02  0.6340E-02  0.6443E-02  0.6546E-02  0.6648E-02
  0.6750E-02  0.6851E-02  0.6953E-02  0.7054E-02  0.7155E-02  0.7256E-02
  0.7356E-02  0.7457E-02  0.7558E-02  0.7658E-02  0.7759E-02  0.7859E-02
 420980  10030  TRITON     0- 60 MeV ;    1MeV-steps
  0.4771E-03  0.7245E-03  0.8855E-03  0.1042E-02  0.1195E-02  0.1343E-02
  0.1486E-02  0.1625E-02  0.1759E-02  0.1889E-02  0.2015E-02  0.2137E-02
  0.2256E-02  0.2371E-02  0.2484E-02  0.2593E-02  0.2700E-02  0.2806E-02
  0.2909E-02  0.3010E-02  0.3111E-02  0.3210E-02  0.3308E-02  0.3406E-02
  0.3503E-02  0.3599E-02  0.3695E-02  0.3791E-02  0.3887E-02  0.3983E-02
  0.4078E-02  0.4174E-02  0.4269E-02  0.4364E-02  0.4459E-02  0.4554E-02
  0.4648E-02  0.4742E-02  0.4836E-02  0.4930E-02  0.5022E-02  0.5115E-02
  0.5206E-02  0.5297E-02  0.5387E-02  0.5476E-02  0.5565E-02  0.5653E-02
  0.5739E-02  0.5826E-02  0.5911E-02  0.5995E-02  0.6079E-02  0.6162E-02
  0.6245E-02  0.6326E-02  0.6408E-02  0.6489E-02  0.6569E-02  0.6648E-02
 430970  10030  TRITON     0- 60 MeV ;    1MeV-steps
  0.3879E-03  0.6031E-03  0.7627E-03  0.9128E-03  0.1054E-02  0.1188E-02
  0.1316E-02  0.1438E-02  0.1555E-02  0.1668E-02  0.1777E-02  0.1883E-02
  0.1986E-02  0.2086E-02  0.2185E-02  0.2281E-02  0.2376E-02  0.2470E-02
  0.2562E-02  0.2653E-02  0.2743E-02  0.2832E-02  0.2921E-02  0.3008E-02
  0.3095E-02  0.3181E-02  0.3267E-02  0.3352E-02  0.3436E-02  0.3520E-02
  0.3604E-02  0.3687E-02  0.3769E-02  0.3851E-02  0.3933E-02  0.4014E-02
  0.4095E-02  0.4176E-02  0.4256E-02  0.4336E-02  0.4416E-02  0.4496E-02
  0.4575E-02  0.4654E-02  0.4733E-02  0.4812E-02  0.4890E-02  0.4968E-02
  0.5046E-02  0.5124E-02  0.5201E-02  0.5278E-02  0.5355E-02  0.5431E-02
  0.5507E-02  0.5582E-02  0.5657E-02  0.5731E-02  0.5805E-02  0.5878E-02
 441020  10030  TRITON     0- 60 MeV ;    1MeV-steps
  0.3933E-03  0.5693E-03  0.7417E-03  0.8952E-03  0.1034E-02  0.1160E-02
  0.1278E-02  0.1389E-02  0.1494E-02  0.1596E-02  0.1695E-02  0.1793E-02
  0.1889E-02  0.1984E-02  0.2078E-02  0.2171E-02  0.2264E-02  0.2356E-02
  0.2447E-02  0.2537E-02  0.2626E-02  0.2714E-02  0.2800E-02  0.2885E-02
  0.2969E-02  0.3051E-02  0.3131E-02  0.3210E-02  0.3288E-02  0.3364E-02
  0.3440E-02  0.3515E-02  0.3589E-02  0.3662E-02  0.3736E-02  0.3810E-02
  0.3884E-02  0.3958E-02  0.4034E-02  0.4110E-02  0.4187E-02  0.4265E-02
  0.4344E-02  0.4424E-02  0.4505E-02  0.4586E-02  0.4668E-02  0.4751E-02
  0.4832E-02  0.4914E-02  0.4994E-02  0.5072E-02  0.5151E-02  0.5224E-02
  0.5297E-02  0.5365E-02  0.5430E-02  0.5494E-02  0.5550E-02  0.5603E-02
 451030  10030  TRITON     0- 60 MeV ;    1MeV-steps
  0.4079E-03  0.6002E-03  0.7571E-03  0.9037E-03  0.1041E-02  0.1171E-02
  0.1293E-02  0.1410E-02  0.1521E-02  0.1628E-02  0.1731E-02  0.1830E-02
  0.1927E-02  0.2022E-02  0.2114E-02  0.2206E-02  0.2296E-02  0.2385E-02
  0.2473E-02  0.2560E-02  0.2647E-02  0.2733E-02  0.2819E-02  0.2905E-02
  0.2990E-02  0.3074E-02  0.3158E-02  0.3242E-02  0.3325E-02  0.3407E-02
  0.3489E-02  0.3569E-02  0.3649E-02  0.3729E-02  0.3807E-02  0.3884E-02
  0.3961E-02  0.4036E-02  0.4111E-02  0.4185E-02  0.4258E-02  0.4330E-02
  0.4402E-02  0.4473E-02  0.4544E-02  0.4614E-02  0.4685E-02  0.4755E-02
  0.4826E-02  0.4897E-02  0.4968E-02  0.5040E-02  0.5112E-02  0.5185E-02
  0.5259E-02  0.5333E-02  0.5409E-02  0.5485E-02  0.5561E-02  0.5637E-02
 461060  10030  TRITON     0- 60 MeV ;    1MeV-steps
  0.4079E-03  0.6219E-03  0.7967E-03  0.9582E-03  0.1108E-02  0.1248E-02
  0.1379E-02  0.1503E-02  0.1620E-02  0.1732E-02  0.1840E-02  0.1944E-02
  0.2045E-02  0.2144E-02  0.2241E-02  0.2337E-02  0.2431E-02  0.2525E-02
  0.2618E-02  0.2711E-02  0.2803E-02  0.2894E-02  0.2985E-02  0.3076E-02
  0.3166E-02  0.3256E-02  0.3345E-02  0.3433E-02  0.3520E-02  0.3606E-02
  0.3692E-02  0.3776E-02  0.3859E-02  0.3941E-02  0.4022E-02  0.4101E-02
  0.4180E-02  0.4257E-02  0.4333E-02  0.4409E-02  0.4483E-02  0.4557E-02
  0.4631E-02  0.4705E-02  0.4778E-02  0.4852E-02  0.4926E-02  0.5000E-02
  0.5076E-02  0.5153E-02  0.5230E-02  0.5309E-02  0.5390E-02  0.5471E-02
  0.5554E-02  0.5638E-02  0.5722E-02  0.5806E-02  0.5891E-02  0.5974E-02
 471070  10030  TRITON     0- 60 MeV ;    1MeV-steps
  0.5169E-03  0.7273E-03  0.9141E-03  0.1088E-02  0.1251E-02  0.1405E-02
  0.1550E-02  0.1688E-02  0.1820E-02  0.1947E-02  0.2070E-02  0.2189E-02
  0.2305E-02  0.2418E-02  0.2530E-02  0.2640E-02  0.2748E-02  0.2856E-02
  0.2962E-02  0.3068E-02  0.3173E-02  0.3278E-02  0.3381E-02  0.3484E-02
  0.3587E-02  0.3688E-02  0.3789E-02  0.3889E-02  0.3988E-02  0.4086E-02
  0.4183E-02  0.4279E-02  0.4373E-02  0.4466E-02  0.4559E-02  0.4649E-02
  0.4739E-02  0.4828E-02  0.4915E-02  0.5002E-02  0.5087E-02  0.5172E-02
  0.5256E-02  0.5340E-02  0.5423E-02  0.5506E-02  0.5590E-02  0.5673E-02
  0.5757E-02  0.5841E-02  0.5927E-02  0.6013E-02  0.6100E-02  0.6188E-02
  0.6278E-02  0.6368E-02  0.6460E-02  0.6552E-02  0.6645E-02  0.6739E-02
 481140  10030  TRITON     0- 60 MeV ;    1MeV-steps
  0.6339E-03  0.8728E-03  0.1110E-02  0.1324E-02  0.1520E-02  0.1702E-02
  0.1872E-02  0.2034E-02  0.2188E-02  0.2337E-02  0.2482E-02  0.2623E-02
  0.2763E-02  0.2900E-02  0.3036E-02  0.3171E-02  0.3304E-02  0.3437E-02
  0.3569E-02  0.3699E-02  0.3828E-02  0.3956E-02  0.4082E-02  0.4207E-02
  0.4330E-02  0.4452E-02  0.4572E-02  0.4691E-02  0.4808E-02  0.4923E-02
  0.5037E-02  0.5150E-02  0.5261E-02  0.5372E-02  0.5482E-02  0.5591E-02
  0.5699E-02  0.5807E-02  0.5915E-02  0.6022E-02  0.6130E-02  0.6237E-02
  0.6344E-02  0.6451E-02  0.6558E-02  0.6665E-02  0.6771E-02  0.6877E-02
  0.6982E-02  0.7086E-02  0.7189E-02  0.7292E-02  0.7392E-02  0.7492E-02
  0.7588E-02  0.7685E-02  0.7778E-02  0.7873E-02  0.7965E-02  0.8057E-02
 491150  10030  TRITON     0- 60 MeV ;    1MeV-steps
  0.7398E-03  0.1064E-02  0.1342E-02  0.1600E-02  0.1840E-02  0.2066E-02
  0.2279E-02  0.2482E-02  0.2675E-02  0.2862E-02  0.3042E-02  0.3218E-02
  0.3388E-02  0.3556E-02  0.3720E-02  0.3882E-02  0.4042E-02  0.4199E-02
  0.4355E-02  0.4510E-02  0.4663E-02  0.4814E-02  0.4964E-02  0.5113E-02
  0.5261E-02  0.5408E-02  0.5553E-02  0.5697E-02  0.5839E-02  0.5981E-02
  0.6121E-02  0.6260E-02  0.6399E-02  0.6535E-02  0.6671E-02  0.6806E-02
  0.6940E-02  0.7073E-02  0.7206E-02  0.7338E-02  0.7469E-02  0.7599E-02
  0.7729E-02  0.7858E-02  0.7987E-02  0.8115E-02  0.8243E-02  0.8370E-02
  0.8497E-02  0.8623E-02  0.8749E-02  0.8874E-02  0.8998E-02  0.9121E-02
  0.9244E-02  0.9366E-02  0.9487E-02  0.9607E-02  0.9726E-02  0.9845E-02
 501200  10030  TRITON     0- 60 MeV ;    1MeV-steps
  0.9436E-03  0.1358E-02  0.1721E-02  0.2055E-02  0.2367E-02  0.2658E-02
  0.2932E-02  0.3192E-02  0.3440E-02  0.3678E-02  0.3908E-02  0.4132E-02
  0.4349E-02  0.4562E-02  0.4771E-02  0.4977E-02  0.5180E-02  0.5380E-02
  0.5578E-02  0.5774E-02  0.5968E-02  0.6160E-02  0.6350E-02  0.6539E-02
  0.6726E-02  0.6912E-02  0.7096E-02  0.7279E-02  0.7460E-02  0.7640E-02
  0.7819E-02  0.7996E-02  0.8172E-02  0.8348E-02  0.8522E-02  0.8695E-02
  0.8868E-02  0.9040E-02  0.9212E-02  0.9383E-02  0.9553E-02  0.9723E-02
  0.9894E-02  0.1006E-01  0.1023E-01  0.1040E-01  0.1057E-01  0.1074E-01
  0.1090E-01  0.1107E-01  0.1124E-01  0.1140E-01  0.1156E-01  0.1172E-01
  0.1188E-01  0.1204E-01  0.1219E-01  0.1234E-01  0.1249E-01  0.1264E-01
 511210  10030  TRITON     0- 60 MeV ;    1MeV-steps
  0.7706E-03  0.1164E-02  0.1462E-02  0.1743E-02  0.2008E-02  0.2260E-02
  0.2499E-02  0.2729E-02  0.2949E-02  0.3161E-02  0.3367E-02  0.3566E-02
  0.3759E-02  0.3948E-02  0.4133E-02  0.4314E-02  0.4491E-02  0.4666E-02
  0.4838E-02  0.5007E-02  0.5175E-02  0.5341E-02  0.5504E-02  0.5667E-02
  0.5828E-02  0.5987E-02  0.6146E-02  0.6303E-02  0.6460E-02  0.6616E-02
  0.6770E-02  0.6925E-02  0.7078E-02  0.7231E-02  0.7383E-02  0.7534E-02
  0.7685E-02  0.7836E-02  0.7986E-02  0.8135E-02  0.8284E-02  0.8432E-02
  0.8580E-02  0.8727E-02  0.8873E-02  0.9018E-02  0.9162E-02  0.9306E-02
  0.9448E-02  0.9590E-02  0.9730E-02  0.9869E-02  0.1001E-01  0.1014E-01
  0.1028E-01  0.1041E-01  0.1054E-01  0.1068E-01  0.1081E-01  0.1093E-01
 521300  10030  TRITON     0- 60 MeV ;    1MeV-steps
  0.8872E-03  0.1331E-02  0.1652E-02  0.1957E-02  0.2247E-02  0.2524E-02
  0.2789E-02  0.3043E-02  0.3288E-02  0.3524E-02  0.3752E-02  0.3974E-02
  0.4190E-02  0.4400E-02  0.4606E-02  0.4807E-02  0.5005E-02  0.5199E-02
  0.5390E-02  0.5578E-02  0.5764E-02  0.5948E-02  0.6130E-02  0.6310E-02
  0.6488E-02  0.6665E-02  0.6840E-02  0.7014E-02  0.7187E-02  0.7358E-02
  0.7529E-02  0.7699E-02  0.7867E-02  0.8035E-02  0.8202E-02  0.8368E-02
  0.8533E-02  0.8697E-02  0.8861E-02  0.9024E-02  0.9186E-02  0.9347E-02
  0.9508E-02  0.9668E-02  0.9827E-02  0.9985E-02  0.1014E-01  0.1030E-01
  0.1046E-01  0.1061E-01  0.1077E-01  0.1092E-01  0.1107E-01  0.1122E-01
  0.1138E-01  0.1153E-01  0.1168E-01  0.1182E-01  0.1197E-01  0.1212E-01
 531270  10030  TRITON     0- 60 MeV ;    1MeV-steps
  0.1177E-02  0.1714E-02  0.2140E-02  0.2529E-02  0.2887E-02  0.3221E-02
  0.3535E-02  0.3833E-02  0.4117E-02  0.4391E-02  0.4657E-02  0.4916E-02
  0.5171E-02  0.5421E-02  0.5669E-02  0.5915E-02  0.6159E-02  0.6401E-02
  0.6641E-02  0.6881E-02  0.7118E-02  0.7354E-02  0.7588E-02  0.7820E-02
  0.8050E-02  0.8278E-02  0.8503E-02  0.8725E-02  0.8945E-02  0.9162E-02
  0.9376E-02  0.9588E-02  0.9797E-02  0.1000E-01  0.1021E-01  0.1041E-01
  0.1061E-01  0.1080E-01  0.1100E-01  0.1119E-01  0.1139E-01  0.1158E-01
  0.1177E-01  0.1196E-01  0.1215E-01  0.1234E-01  0.1253E-01  0.1272E-01
  0.1292E-01  0.1311E-01  0.1330E-01  0.1349E-01  0.1368E-01  0.1387E-01
  0.1407E-01  0.1426E-01  0.1445E-01  0.1464E-01  0.1484E-01  0.1503E-01
 541320  10030  TRITON     0- 60 MeV ;    1MeV-steps
  0.1720E-02  0.2539E-02  0.3238E-02  0.3887E-02  0.4493E-02  0.5062E-02
  0.5599E-02  0.6109E-02  0.6597E-02  0.7065E-02  0.7517E-02  0.7954E-02
  0.8381E-02  0.8797E-02  0.9205E-02  0.9606E-02  0.1000E-01  0.1039E-01
  0.1078E-01  0.1116E-01  0.1154E-01  0.1191E-01  0.1228E-01  0.1265E-01
  0.1301E-01  0.1337E-01  0.1373E-01  0.1409E-01  0.1444E-01  0.1479E-01
  0.1514E-01  0.1548E-01  0.1582E-01  0.1616E-01  0.1649E-01  0.1682E-01
  0.1715E-01  0.1748E-01  0.1780E-01  0.1812E-01  0.1845E-01  0.1876E-01
  0.1908E-01  0.1940E-01  0.1971E-01  0.2003E-01  0.2034E-01  0.2066E-01
  0.2097E-01  0.2128E-01  0.2159E-01  0.2190E-01  0.2222E-01  0.2253E-01
  0.2283E-01  0.2314E-01  0.2345E-01  0.2375E-01  0.2406E-01  0.2436E-01
 551330  10030  TRITON     0- 60 MeV ;    1MeV-steps
  0.2619E-02  0.4138E-02  0.5328E-02  0.6418E-02  0.7424E-02  0.8360E-02
  0.9239E-02  0.1007E-01  0.1086E-01  0.1162E-01  0.1235E-01  0.1306E-01
  0.1375E-01  0.1443E-01  0.1510E-01  0.1575E-01  0.1640E-01  0.1704E-01
  0.1767E-01  0.1830E-01  0.1892E-01  0.1954E-01  0.2015E-01  0.2076E-01
  0.2136E-01  0.2195E-01  0.2254E-01  0.2312E-01  0.2369E-01  0.2426E-01
  0.2483E-01  0.2538E-01  0.2594E-01  0.2649E-01  0.2703E-01  0.2757E-01
  0.2811E-01  0.2864E-01  0.2917E-01  0.2969E-01  0.3022E-01  0.3074E-01
  0.3127E-01  0.3179E-01  0.3231E-01  0.3283E-01  0.3335E-01  0.3386E-01
  0.3438E-01  0.3490E-01  0.3541E-01  0.3592E-01  0.3643E-01  0.3694E-01
  0.3744E-01  0.3794E-01  0.3843E-01  0.3892E-01  0.3940E-01  0.3988E-01
 561380  10030  TRITON     0- 60 MeV ;    1MeV-steps
  0.1373E-02  0.2222E-02  0.2897E-02  0.3505E-02  0.4059E-02  0.4569E-02
  0.5043E-02  0.5488E-02  0.5911E-02  0.6316E-02  0.6707E-02  0.7088E-02
  0.7461E-02  0.7828E-02  0.8190E-02  0.8548E-02  0.8902E-02  0.9254E-02
  0.9602E-02  0.9948E-02  0.1029E-01  0.1063E-01  0.1096E-01  0.1130E-01
  0.1163E-01  0.1195E-01  0.1227E-01  0.1259E-01  0.1290E-01  0.1320E-01
  0.1351E-01  0.1381E-01  0.1411E-01  0.1440E-01  0.1470E-01  0.1499E-01
  0.1528E-01  0.1556E-01  0.1585E-01  0.1614E-01  0.1643E-01  0.1671E-01
  0.1700E-01  0.1729E-01  0.1758E-01  0.1786E-01  0.1816E-01  0.1844E-01
  0.1873E-01  0.1902E-01  0.1930E-01  0.1958E-01  0.1987E-01  0.2014E-01
  0.2042E-01  0.2068E-01  0.2095E-01  0.2121E-01  0.2146E-01  0.2171E-01
 571390  10030  TRITON     0- 60 MeV ;    1MeV-steps
  0.7582E-03  0.1206E-02  0.1600E-02  0.1949E-02  0.2263E-02  0.2549E-02
  0.2813E-02  0.3060E-02  0.3294E-02  0.3518E-02  0.3735E-02  0.3947E-02
  0.4156E-02  0.4362E-02  0.4566E-02  0.4768E-02  0.4969E-02  0.5169E-02
  0.5367E-02  0.5564E-02  0.5759E-02  0.5951E-02  0.6142E-02  0.6330E-02
  0.6515E-02  0.6697E-02  0.6877E-02  0.7054E-02  0.7228E-02  0.7399E-02
  0.7569E-02  0.7736E-02  0.7901E-02  0.8065E-02  0.8227E-02  0.8389E-02
  0.8551E-02  0.8712E-02  0.8873E-02  0.9035E-02  0.9198E-02  0.9361E-02
  0.9525E-02  0.9689E-02  0.9854E-02  0.1002E-01  0.1019E-01  0.1035E-01
  0.1052E-01  0.1068E-01  0.1084E-01  0.1100E-01  0.1116E-01  0.1131E-01
  0.1146E-01  0.1161E-01  0.1175E-01  0.1189E-01  0.1202E-01  0.1215E-01
 581400  10030  TRITON     0- 60 MeV ;    1MeV-steps
  0.8137E-03  0.1235E-02  0.1569E-02  0.1872E-02  0.2151E-02  0.2408E-02
  0.2647E-02  0.2872E-02  0.3086E-02  0.3290E-02  0.3487E-02  0.3679E-02
  0.3865E-02  0.4049E-02  0.4230E-02  0.4408E-02  0.4585E-02  0.4761E-02
  0.4936E-02  0.5110E-02  0.5283E-02  0.5455E-02  0.5626E-02  0.5795E-02
  0.5964E-02  0.6131E-02  0.6296E-02  0.6459E-02  0.6621E-02  0.6781E-02
  0.6939E-02  0.7094E-02  0.7248E-02  0.7400E-02  0.7550E-02  0.7698E-02
  0.7845E-02  0.7990E-02  0.8134E-02  0.8276E-02  0.8418E-02  0.8559E-02
  0.8700E-02  0.8840E-02  0.8981E-02  0.9122E-02  0.9262E-02  0.9404E-02
  0.9546E-02  0.9690E-02  0.9834E-02  0.9978E-02  0.1012E-01  0.1027E-01
  0.1042E-01  0.1057E-01  0.1071E-01  0.1086E-01  0.1101E-01  0.1116E-01
 591410  10030  TRITON     0- 60 MeV ;    1MeV-steps
  0.8294E-03  0.1192E-02  0.1528E-02  0.1831E-02  0.2105E-02  0.2358E-02
  0.2594E-02  0.2816E-02  0.3028E-02  0.3231E-02  0.3429E-02  0.3623E-02
  0.3813E-02  0.4000E-02  0.4186E-02  0.4370E-02  0.4552E-02  0.4733E-02
  0.4912E-02  0.5089E-02  0.5264E-02  0.5438E-02  0.5609E-02  0.5777E-02
  0.5944E-02  0.6107E-02  0.6268E-02  0.6427E-02  0.6583E-02  0.6737E-02
  0.6888E-02  0.7038E-02  0.7187E-02  0.7334E-02  0.7480E-02  0.7625E-02
  0.7770E-02  0.7915E-02  0.8060E-02  0.8207E-02  0.8353E-02  0.8501E-02
  0.8649E-02  0.8798E-02  0.8948E-02  0.9099E-02  0.9250E-02  0.9403E-02
  0.9553E-02  0.9705E-02  0.9856E-02  0.1000E-01  0.1015E-01  0.1029E-01
  0.1043E-01  0.1057E-01  0.1070E-01  0.1083E-01  0.1095E-01  0.1107E-01
 601420  10030  TRITON     0- 60 MeV ;    1MeV-steps
  0.8157E-03  0.1214E-02  0.1541E-02  0.1836E-02  0.2106E-02  0.2355E-02
  0.2588E-02  0.2809E-02  0.3020E-02  0.3224E-02  0.3422E-02  0.3615E-02
  0.3805E-02  0.3991E-02  0.4175E-02  0.4357E-02  0.4536E-02  0.4713E-02
  0.4888E-02  0.5060E-02  0.5230E-02  0.5397E-02  0.5561E-02  0.5723E-02
  0.5883E-02  0.6039E-02  0.6194E-02  0.6347E-02  0.6497E-02  0.6646E-02
  0.6794E-02  0.6941E-02  0.7088E-02  0.7234E-02  0.7381E-02  0.7528E-02
  0.7675E-02  0.7824E-02  0.7973E-02  0.8123E-02  0.8275E-02  0.8428E-02
  0.8581E-02  0.8735E-02  0.8889E-02  0.9042E-02  0.9194E-02  0.9345E-02
  0.9493E-02  0.9641E-02  0.9780E-02  0.9919E-02  0.1005E-01  0.1018E-01
  0.1030E-01  0.1041E-01  0.1053E-01  0.1063E-01  0.1074E-01  0.1083E-01
 611480  10030  TRITON     0- 60 MeV ;    1MeV-steps
  0.8049E-03  0.1200E-02  0.1499E-02  0.1782E-02  0.2049E-02  0.2301E-02
  0.2540E-02  0.2766E-02  0.2981E-02  0.3186E-02  0.3382E-02  0.3571E-02
  0.3754E-02  0.3931E-02  0.4104E-02  0.4274E-02  0.4441E-02  0.4606E-02
  0.4770E-02  0.4932E-02  0.5094E-02  0.5256E-02  0.5417E-02  0.5579E-02
  0.5740E-02  0.5901E-02  0.6062E-02  0.6222E-02  0.6382E-02  0.6541E-02
  0.6698E-02  0.6854E-02  0.7008E-02  0.7160E-02  0.7310E-02  0.7458E-02
  0.7603E-02  0.7746E-02  0.7886E-02  0.8023E-02  0.8158E-02  0.8291E-02
  0.8422E-02  0.8551E-02  0.8679E-02  0.8806E-02  0.8933E-02  0.9060E-02
  0.9188E-02  0.9317E-02  0.9449E-02  0.9582E-02  0.9719E-02  0.9858E-02
  0.1000E-01  0.1015E-01  0.1029E-01  0.1045E-01  0.1060E-01  0.1075E-01
 621520  10030  TRITON     0- 60 MeV ;    1MeV-steps
  0.8576E-03  0.1236E-02  0.1494E-02  0.1745E-02  0.1988E-02  0.2223E-02
  0.2449E-02  0.2667E-02  0.2876E-02  0.3078E-02  0.3271E-02  0.3458E-02
  0.3639E-02  0.3815E-02  0.3986E-02  0.4152E-02  0.4316E-02  0.4477E-02
  0.4635E-02  0.4792E-02  0.4948E-02  0.5102E-02  0.5257E-02  0.5411E-02
  0.5565E-02  0.5718E-02  0.5872E-02  0.6025E-02  0.6179E-02  0.6332E-02
  0.6484E-02  0.6635E-02  0.6786E-02  0.6935E-02  0.7083E-02  0.7228E-02
  0.7372E-02  0.7514E-02  0.7653E-02  0.7790E-02  0.7924E-02  0.8055E-02
  0.8185E-02  0.8311E-02  0.8436E-02  0.8559E-02  0.8680E-02  0.8800E-02
  0.8919E-02  0.9037E-02  0.9157E-02  0.9276E-02  0.9397E-02  0.9519E-02
  0.9645E-02  0.9772E-02  0.9904E-02  0.1004E-01  0.1018E-01  0.1032E-01
 631530  10030  TRITON     0- 60 MeV ;    1MeV-steps
  0.1236E-02  0.1720E-02  0.2146E-02  0.2537E-02  0.2899E-02  0.3237E-02
  0.3556E-02  0.3857E-02  0.4146E-02  0.4424E-02  0.4692E-02  0.4954E-02
  0.5210E-02  0.5461E-02  0.5708E-02  0.5952E-02  0.6193E-02  0.6431E-02
  0.6667E-02  0.6901E-02  0.7132E-02  0.7361E-02  0.7587E-02  0.7811E-02
  0.8032E-02  0.8251E-02  0.8468E-02  0.8682E-02  0.8894E-02  0.9103E-02
  0.9310E-02  0.9514E-02  0.9717E-02  0.9918E-02  0.1012E-01  0.1031E-01
  0.1051E-01  0.1071E-01  0.1090E-01  0.1110E-01  0.1129E-01  0.1148E-01
  0.1168E-01  0.1187E-01  0.1207E-01  0.1226E-01  0.1246E-01  0.1265E-01
  0.1285E-01  0.1304E-01  0.1324E-01  0.1343E-01  0.1362E-01  0.1382E-01
  0.1401E-01  0.1420E-01  0.1438E-01  0.1456E-01  0.1474E-01  0.1492E-01
 641580  10030  TRITON     0- 60 MeV ;    1MeV-steps
  0.8575E-03  0.1161E-02  0.1446E-02  0.1708E-02  0.1952E-02  0.2179E-02
  0.2395E-02  0.2599E-02  0.2795E-02  0.2984E-02  0.3167E-02  0.3346E-02
  0.3520E-02  0.3691E-02  0.3860E-02  0.4026E-02  0.4190E-02  0.4352E-02
  0.4512E-02  0.4671E-02  0.4827E-02  0.4982E-02  0.5136E-02  0.5287E-02
  0.5437E-02  0.5585E-02  0.5732E-02  0.5877E-02  0.6020E-02  0.6162E-02
  0.6302E-02  0.6441E-02  0.6579E-02  0.6716E-02  0.6852E-02  0.6987E-02
  0.7121E-02  0.7255E-02  0.7388E-02  0.7520E-02  0.7652E-02  0.7784E-02
  0.7915E-02  0.8046E-02  0.8176E-02  0.8307E-02  0.8436E-02  0.8565E-02
  0.8693E-02  0.8819E-02  0.8946E-02  0.9071E-02  0.9194E-02  0.9318E-02
  0.9439E-02  0.9558E-02  0.9678E-02  0.9798E-02  0.9916E-02  0.1004E-01
 651590  10030  TRITON     0- 60 MeV ;    1MeV-steps
  0.7608E-03  0.1115E-02  0.1403E-02  0.1669E-02  0.1915E-02  0.2145E-02
  0.2359E-02  0.2562E-02  0.2753E-02  0.2936E-02  0.3112E-02  0.3281E-02
  0.3445E-02  0.3606E-02  0.3763E-02  0.3918E-02  0.4072E-02  0.4224E-02
  0.4375E-02  0.4525E-02  0.4675E-02  0.4825E-02  0.4974E-02  0.5122E-02
  0.5270E-02  0.5417E-02  0.5564E-02  0.5709E-02  0.5853E-02  0.5996E-02
  0.6137E-02  0.6276E-02  0.6413E-02  0.6548E-02  0.6681E-02  0.6812E-02
  0.6941E-02  0.7067E-02  0.7192E-02  0.7314E-02  0.7435E-02  0.7554E-02
  0.7672E-02  0.7788E-02  0.7905E-02  0.8021E-02  0.8136E-02  0.8253E-02
  0.8370E-02  0.8489E-02  0.8609E-02  0.8731E-02  0.8854E-02  0.8981E-02
  0.9109E-02  0.9240E-02  0.9372E-02  0.9507E-02  0.9642E-02  0.9776E-02
 661640  10030  TRITON     0- 60 MeV ;    1MeV-steps
  0.8337E-03  0.1131E-02  0.1379E-02  0.1615E-02  0.1839E-02  0.2053E-02
  0.2256E-02  0.2450E-02  0.2637E-02  0.2815E-02  0.2988E-02  0.3154E-02
  0.3316E-02  0.3473E-02  0.3627E-02  0.3778E-02  0.3927E-02  0.4073E-02
  0.4218E-02  0.4361E-02  0.4504E-02  0.4645E-02  0.4786E-02  0.4926E-02
  0.5066E-02  0.5205E-02  0.5343E-02  0.5481E-02  0.5618E-02  0.5754E-02
  0.5890E-02  0.6024E-02  0.6157E-02  0.6289E-02  0.6419E-02  0.6548E-02
  0.6675E-02  0.6801E-02  0.6925E-02  0.7048E-02  0.7170E-02  0.7290E-02
  0.7409E-02  0.7527E-02  0.7644E-02  0.7760E-02  0.7877E-02  0.7993E-02
  0.8110E-02  0.8228E-02  0.8345E-02  0.8465E-02  0.8585E-02  0.8706E-02
  0.8829E-02  0.8953E-02  0.9078E-02  0.9204E-02  0.9330E-02  0.9454E-02
 671650  10030  TRITON     0- 60 MeV ;    1MeV-steps
  0.8578E-03  0.1148E-02  0.1409E-02  0.1648E-02  0.1870E-02  0.2076E-02
  0.2271E-02  0.2456E-02  0.2633E-02  0.2804E-02  0.2970E-02  0.3132E-02
  0.3290E-02  0.3446E-02  0.3600E-02  0.3752E-02  0.3903E-02  0.4052E-02
  0.4199E-02  0.4345E-02  0.4489E-02  0.4632E-02  0.4774E-02  0.4913E-02
  0.5051E-02  0.5187E-02  0.5321E-02  0.5453E-02  0.5584E-02  0.5712E-02
  0.5839E-02  0.5964E-02  0.6088E-02  0.6210E-02  0.6331E-02  0.6451E-02
  0.6571E-02  0.6689E-02  0.6808E-02  0.6926E-02  0.7044E-02  0.7162E-02
  0.7282E-02  0.7401E-02  0.7521E-02  0.7643E-02  0.7764E-02  0.7887E-02
  0.8011E-02  0.8135E-02  0.8259E-02  0.8386E-02  0.8510E-02  0.8634E-02
  0.8759E-02  0.8881E-02  0.9002E-02  0.9120E-02  0.9236E-02  0.9347E-02
 681660  10030  TRITON     0- 60 MeV ;    1MeV-steps
  0.7897E-03  0.1115E-02  0.1368E-02  0.1602E-02  0.1821E-02  0.2026E-02
  0.2220E-02  0.2405E-02  0.2582E-02  0.2752E-02  0.2917E-02  0.3077E-02
  0.3233E-02  0.3386E-02  0.3535E-02  0.3683E-02  0.3828E-02  0.3971E-02
  0.4112E-02  0.4252E-02  0.4390E-02  0.4526E-02  0.4661E-02  0.4795E-02
  0.4927E-02  0.5058E-02  0.5188E-02  0.5316E-02  0.5443E-02  0.5569E-02
  0.5694E-02  0.5818E-02  0.5941E-02  0.6063E-02  0.6184E-02  0.6305E-02
  0.6425E-02  0.6544E-02  0.6664E-02  0.6782E-02  0.6901E-02  0.7019E-02
  0.7137E-02  0.7255E-02  0.7374E-02  0.7491E-02  0.7609E-02  0.7727E-02
  0.7844E-02  0.7961E-02  0.8077E-02  0.8193E-02  0.8308E-02  0.8421E-02
  0.8534E-02  0.8645E-02  0.8755E-02  0.8863E-02  0.8969E-02  0.9071E-02
 691690  10030  TRITON     0- 60 MeV ;    1MeV-steps
  0.8169E-03  0.1143E-02  0.1370E-02  0.1586E-02  0.1794E-02  0.1992E-02
  0.2183E-02  0.2365E-02  0.2541E-02  0.2710E-02  0.2873E-02  0.3031E-02
  0.3184E-02  0.3333E-02  0.3479E-02  0.3621E-02  0.3761E-02  0.3898E-02
  0.4034E-02  0.4168E-02  0.4300E-02  0.4432E-02  0.4562E-02  0.4692E-02
  0.4821E-02  0.4949E-02  0.5077E-02  0.5204E-02  0.5330E-02  0.5456E-02
  0.5581E-02  0.5706E-02  0.5829E-02  0.5952E-02  0.6073E-02  0.6194E-02
  0.6313E-02  0.6431E-02  0.6548E-02  0.6663E-02  0.6778E-02  0.6890E-02
  0.7002E-02  0.7113E-02  0.7222E-02  0.7330E-02  0.7438E-02  0.7545E-02
  0.7651E-02  0.7757E-02  0.7863E-02  0.7968E-02  0.8074E-02  0.8180E-02
  0.8287E-02  0.8394E-02  0.8502E-02  0.8610E-02  0.8719E-02  0.8828E-02
 701740  10030  TRITON     0- 60 MeV ;    1MeV-steps
  0.1160E-02  0.1561E-02  0.1893E-02  0.2198E-02  0.2481E-02  0.2747E-02
  0.2997E-02  0.3237E-02  0.3466E-02  0.3689E-02  0.3905E-02  0.4116E-02
  0.4323E-02  0.4526E-02  0.4727E-02  0.4925E-02  0.5120E-02  0.5313E-02
  0.5504E-02  0.5692E-02  0.5878E-02  0.6062E-02  0.6243E-02  0.6421E-02
  0.6598E-02  0.6772E-02  0.6944E-02  0.7113E-02  0.7281E-02  0.7446E-02
  0.7610E-02  0.7773E-02  0.7934E-02  0.8094E-02  0.8254E-02  0.8412E-02
  0.8571E-02  0.8729E-02  0.8887E-02  0.9045E-02  0.9203E-02  0.9362E-02
  0.9520E-02  0.9679E-02  0.9837E-02  0.9995E-02  0.1015E-01  0.1031E-01
  0.1047E-01  0.1062E-01  0.1077E-01  0.1092E-01  0.1107E-01  0.1122E-01
  0.1136E-01  0.1150E-01  0.1163E-01  0.1177E-01  0.1190E-01  0.1202E-01
 711750  10030  TRITON     0- 60 MeV ;    1MeV-steps
  0.7476E-03  0.1068E-02  0.1315E-02  0.1539E-02  0.1744E-02  0.1935E-02
  0.2113E-02  0.2282E-02  0.2444E-02  0.2599E-02  0.2750E-02  0.2897E-02
  0.3041E-02  0.3183E-02  0.3322E-02  0.3460E-02  0.3596E-02  0.3730E-02
  0.3863E-02  0.3994E-02  0.4123E-02  0.4250E-02  0.4376E-02  0.4500E-02
  0.4623E-02  0.4743E-02  0.4863E-02  0.4981E-02  0.5097E-02  0.5213E-02
  0.5328E-02  0.5442E-02  0.5555E-02  0.5668E-02  0.5781E-02  0.5895E-02
  0.6008E-02  0.6121E-02  0.6235E-02  0.6350E-02  0.6464E-02  0.6579E-02
  0.6694E-02  0.6809E-02  0.6924E-02  0.7038E-02  0.7151E-02  0.7263E-02
  0.7373E-02  0.7482E-02  0.7588E-02  0.7691E-02  0.7792E-02  0.7888E-02
  0.7982E-02  0.8072E-02  0.8160E-02  0.8244E-02  0.8328E-02  0.8409E-02
 721800  10030  TRITON     0- 60 MeV ;    1MeV-steps
  0.6321E-03  0.8267E-03  0.9844E-03  0.1134E-02  0.1276E-02  0.1411E-02
  0.1541E-02  0.1666E-02  0.1786E-02  0.1903E-02  0.2017E-02  0.2127E-02
  0.2236E-02  0.2342E-02  0.2446E-02  0.2548E-02  0.2649E-02  0.2748E-02
  0.2846E-02  0.2942E-02  0.3038E-02  0.3132E-02  0.3225E-02  0.3317E-02
  0.3408E-02  0.3499E-02  0.3588E-02  0.3676E-02  0.3764E-02  0.3851E-02
  0.3937E-02  0.4022E-02  0.4107E-02  0.4191E-02  0.4274E-02  0.4357E-02
  0.4439E-02  0.4521E-02  0.4603E-02  0.4684E-02  0.4766E-02  0.4847E-02
  0.4928E-02  0.5008E-02  0.5089E-02  0.5170E-02  0.5251E-02  0.5332E-02
  0.5413E-02  0.5493E-02  0.5574E-02  0.5655E-02  0.5736E-02  0.5816E-02
  0.5896E-02  0.5976E-02  0.6055E-02  0.6134E-02  0.6211E-02  0.6288E-02
 731810  10030  TRITON     0- 60 MeV ;    1MeV-steps
  0.5148E-03  0.6878E-03  0.8126E-03  0.9345E-03  0.1053E-02  0.1167E-02
  0.1277E-02  0.1383E-02  0.1484E-02  0.1582E-02  0.1675E-02  0.1766E-02
  0.1853E-02  0.1938E-02  0.2020E-02  0.2100E-02  0.2179E-02  0.2257E-02
  0.2333E-02  0.2409E-02  0.2485E-02  0.2560E-02  0.2635E-02  0.2710E-02
  0.2785E-02  0.2859E-02  0.2934E-02  0.3008E-02  0.3082E-02  0.3155E-02
  0.3228E-02  0.3300E-02  0.3371E-02  0.3442E-02  0.3511E-02  0.3579E-02
  0.3646E-02  0.3712E-02  0.3776E-02  0.3839E-02  0.3901E-02  0.3962E-02
  0.4023E-02  0.4083E-02  0.4143E-02  0.4202E-02  0.4263E-02  0.4323E-02
  0.4385E-02  0.4448E-02  0.4513E-02  0.4579E-02  0.4648E-02  0.4718E-02
  0.4790E-02  0.4865E-02  0.4941E-02  0.5017E-02  0.5095E-02  0.5171E-02
 741840  10030  TRITON     0- 60 MeV ;    1MeV-steps
  0.4287E-03  0.5690E-03  0.7032E-03  0.8225E-03  0.9298E-03  0.1028E-02
  0.1119E-02  0.1205E-02  0.1286E-02  0.1365E-02  0.1442E-02  0.1518E-02
  0.1592E-02  0.1665E-02  0.1738E-02  0.1811E-02  0.1883E-02  0.1954E-02
  0.2025E-02  0.2095E-02  0.2164E-02  0.2232E-02  0.2299E-02  0.2365E-02
  0.2430E-02  0.2493E-02  0.2556E-02  0.2618E-02  0.2678E-02  0.2738E-02
  0.2797E-02  0.2856E-02  0.2914E-02  0.2972E-02  0.3030E-02  0.3088E-02
  0.3146E-02  0.3205E-02  0.3264E-02  0.3323E-02  0.3383E-02  0.3443E-02
  0.3503E-02  0.3564E-02  0.3625E-02  0.3685E-02  0.3745E-02  0.3805E-02
  0.3863E-02  0.3921E-02  0.3976E-02  0.4029E-02  0.4081E-02  0.4130E-02
  0.4176E-02  0.4219E-02  0.4260E-02  0.4297E-02  0.4332E-02  0.4365E-02
 751870  10030  TRITON     0- 60 MeV ;    1MeV-steps
  0.4348E-03  0.5627E-03  0.6586E-03  0.7531E-03  0.8455E-03  0.9354E-03
  0.1023E-02  0.1107E-02  0.1188E-02  0.1266E-02  0.1342E-02  0.1415E-02
  0.1485E-02  0.1553E-02  0.1620E-02  0.1685E-02  0.1748E-02  0.1810E-02
  0.1871E-02  0.1932E-02  0.1992E-02  0.2052E-02  0.2111E-02  0.2170E-02
  0.2229E-02  0.2288E-02  0.2347E-02  0.2406E-02  0.2465E-02  0.2524E-02
  0.2582E-02  0.2640E-02  0.2698E-02  0.2755E-02  0.2812E-02  0.2868E-02
  0.2923E-02  0.2977E-02  0.3030E-02  0.3083E-02  0.3134E-02  0.3185E-02
  0.3234E-02  0.3283E-02  0.3330E-02  0.3377E-02  0.3424E-02  0.3470E-02
  0.3516E-02  0.3562E-02  0.3608E-02  0.3654E-02  0.3701E-02  0.3748E-02
  0.3797E-02  0.3846E-02  0.3896E-02  0.3947E-02  0.4000E-02  0.4052E-02
 761920  10030  TRITON     0- 60 MeV ;    1MeV-steps
  0.3885E-03  0.5141E-03  0.6085E-03  0.7003E-03  0.7890E-03  0.8746E-03
  0.9570E-03  0.1036E-02  0.1112E-02  0.1186E-02  0.1256E-02  0.1324E-02
  0.1390E-02  0.1454E-02  0.1516E-02  0.1577E-02  0.1637E-02  0.1695E-02
  0.1753E-02  0.1810E-02  0.1867E-02  0.1923E-02  0.1980E-02  0.2036E-02
  0.2092E-02  0.2147E-02  0.2203E-02  0.2258E-02  0.2314E-02  0.2369E-02
  0.2423E-02  0.2477E-02  0.2531E-02  0.2584E-02  0.2636E-02  0.2688E-02
  0.2739E-02  0.2789E-02  0.2838E-02  0.2887E-02  0.2935E-02  0.2982E-02
  0.3028E-02  0.3074E-02  0.3119E-02  0.3164E-02  0.3209E-02  0.3253E-02
  0.3299E-02  0.3344E-02  0.3391E-02  0.3438E-02  0.3486E-02  0.3535E-02
  0.3586E-02  0.3637E-02  0.3690E-02  0.3745E-02  0.3799E-02  0.3855E-02
 771930  10030  TRITON     0- 60 MeV ;    1MeV-steps
  0.4000E-03  0.5134E-03  0.6261E-03  0.7282E-03  0.8216E-03  0.9080E-03
  0.9888E-03  0.1065E-02  0.1138E-02  0.1208E-02  0.1276E-02  0.1342E-02
  0.1407E-02  0.1471E-02  0.1535E-02  0.1597E-02  0.1660E-02  0.1721E-02
  0.1782E-02  0.1843E-02  0.1903E-02  0.1963E-02  0.2021E-02  0.2079E-02
  0.2136E-02  0.2193E-02  0.2248E-02  0.2303E-02  0.2356E-02  0.2409E-02
  0.2461E-02  0.2512E-02  0.2563E-02  0.2612E-02  0.2662E-02  0.2710E-02
  0.2759E-02  0.2807E-02  0.2855E-02  0.2903E-02  0.2951E-02  0.2999E-02
  0.3047E-02  0.3096E-02  0.3145E-02  0.3194E-02  0.3245E-02  0.3294E-02
  0.3345E-02  0.3396E-02  0.3447E-02  0.3499E-02  0.3550E-02  0.3601E-02
  0.3652E-02  0.3702E-02  0.3752E-02  0.3801E-02  0.3848E-02  0.3893E-02
 781950  10030  TRITON     0- 60 MeV ;    1MeV-steps
  0.4525E-03  0.5806E-03  0.6903E-03  0.7920E-03  0.8871E-03  0.9766E-03
  0.1062E-02  0.1143E-02  0.1222E-02  0.1298E-02  0.1371E-02  0.1443E-02
  0.1514E-02  0.1583E-02  0.1651E-02  0.1718E-02  0.1784E-02  0.1849E-02
  0.1913E-02  0.1977E-02  0.2039E-02  0.2100E-02  0.2161E-02  0.2221E-02
  0.2280E-02  0.2338E-02  0.2396E-02  0.2453E-02  0.2510E-02  0.2566E-02
  0.2622E-02  0.2678E-02  0.2733E-02  0.2788E-02  0.2844E-02  0.2899E-02
  0.2955E-02  0.3010E-02  0.3066E-02  0.3121E-02  0.3177E-02  0.3233E-02
  0.3289E-02  0.3344E-02  0.3399E-02  0.3454E-02  0.3508E-02  0.3562E-02
  0.3614E-02  0.3666E-02  0.3716E-02  0.3764E-02  0.3811E-02  0.3856E-02
  0.3899E-02  0.3940E-02  0.3979E-02  0.4016E-02  0.4051E-02  0.4085E-02
 791970  10030  TRITON     0- 60 MeV ;    1MeV-steps
  0.4427E-03  0.5865E-03  0.7226E-03  0.8451E-03  0.9567E-03  0.1059E-02
  0.1155E-02  0.1245E-02  0.1332E-02  0.1414E-02  0.1494E-02  0.1573E-02
  0.1649E-02  0.1725E-02  0.1800E-02  0.1873E-02  0.1946E-02  0.2019E-02
  0.2090E-02  0.2161E-02  0.2231E-02  0.2300E-02  0.2368E-02  0.2435E-02
  0.2501E-02  0.2566E-02  0.2631E-02  0.2694E-02  0.2757E-02  0.2819E-02
  0.2880E-02  0.2940E-02  0.3000E-02  0.3060E-02  0.3119E-02  0.3178E-02
  0.3237E-02  0.3295E-02  0.3354E-02  0.3413E-02  0.3472E-02  0.3530E-02
  0.3589E-02  0.3648E-02  0.3707E-02  0.3765E-02  0.3823E-02  0.3880E-02
  0.3937E-02  0.3993E-02  0.4047E-02  0.4101E-02  0.4153E-02  0.4204E-02
  0.4254E-02  0.4301E-02  0.4347E-02  0.4392E-02  0.4437E-02  0.4480E-02
 802020  10030  TRITON     0- 60 MeV ;    1MeV-steps
  0.6513E-03  0.8874E-03  0.1047E-02  0.1205E-02  0.1358E-02  0.1507E-02
  0.1650E-02  0.1787E-02  0.1919E-02  0.2045E-02  0.2166E-02  0.2282E-02
  0.2393E-02  0.2501E-02  0.2605E-02  0.2707E-02  0.2806E-02  0.2904E-02
  0.3000E-02  0.3096E-02  0.3191E-02  0.3285E-02  0.3380E-02  0.3475E-02
  0.3570E-02  0.3665E-02  0.3761E-02  0.3856E-02  0.3952E-02  0.4047E-02
  0.4141E-02  0.4235E-02  0.4328E-02  0.4420E-02  0.4511E-02  0.4599E-02
  0.4687E-02  0.4772E-02  0.4855E-02  0.4936E-02  0.5016E-02  0.5093E-02
  0.5169E-02  0.5243E-02  0.5316E-02  0.5389E-02  0.5461E-02  0.5532E-02
  0.5605E-02  0.5678E-02  0.5753E-02  0.5829E-02  0.5908E-02  0.5989E-02
  0.6074E-02  0.6161E-02  0.6252E-02  0.6344E-02  0.6439E-02  0.6534E-02
 812050  10030  TRITON     0- 60 MeV ;    1MeV-steps
  0.7013E-03  0.9713E-03  0.1207E-02  0.1417E-02  0.1606E-02  0.1778E-02
  0.1937E-02  0.2085E-02  0.2226E-02  0.2361E-02  0.2492E-02  0.2619E-02
  0.2743E-02  0.2867E-02  0.2988E-02  0.3109E-02  0.3230E-02  0.3349E-02
  0.3468E-02  0.3585E-02  0.3702E-02  0.3818E-02  0.3932E-02  0.4045E-02
  0.4157E-02  0.4267E-02  0.4375E-02  0.4482E-02  0.4587E-02  0.4691E-02
  0.4792E-02  0.4893E-02  0.4992E-02  0.5090E-02  0.5187E-02  0.5284E-02
  0.5379E-02  0.5474E-02  0.5569E-02  0.5664E-02  0.5758E-02  0.5852E-02
  0.5947E-02  0.6041E-02  0.6135E-02  0.6229E-02  0.6324E-02  0.6416E-02
  0.6510E-02  0.6603E-02  0.6693E-02  0.6785E-02  0.6873E-02  0.6960E-02
  0.7044E-02  0.7130E-02  0.7210E-02  0.7289E-02  0.7366E-02  0.7445E-02
 822080  10030  TRITON     0- 60 MeV ;    1MeV-steps
  0.6971E-03  0.9801E-03  0.1219E-02  0.1434E-02  0.1632E-02  0.1813E-02
  0.1983E-02  0.2142E-02  0.2293E-02  0.2438E-02  0.2578E-02  0.2714E-02
  0.2846E-02  0.2976E-02  0.3104E-02  0.3230E-02  0.3354E-02  0.3477E-02
  0.3599E-02  0.3719E-02  0.3838E-02  0.3955E-02  0.4072E-02  0.4186E-02
  0.4300E-02  0.4412E-02  0.4523E-02  0.4632E-02  0.4740E-02  0.4847E-02
  0.4953E-02  0.5058E-02  0.5162E-02  0.5265E-02  0.5368E-02  0.5470E-02
  0.5572E-02  0.5673E-02  0.5774E-02  0.5876E-02  0.5977E-02  0.6078E-02
  0.6179E-02  0.6280E-02  0.6380E-02  0.6481E-02  0.6581E-02  0.6680E-02
  0.6778E-02  0.6876E-02  0.6972E-02  0.7065E-02  0.7158E-02  0.7249E-02
  0.7338E-02  0.7426E-02  0.7511E-02  0.7596E-02  0.7677E-02  0.7759E-02
 832090  10030  TRITON     0- 60 MeV ;    1MeV-steps
  0.7242E-03  0.1099E-02  0.1380E-02  0.1639E-02  0.1880E-02  0.2104E-02
  0.2314E-02  0.2510E-02  0.2696E-02  0.2871E-02  0.3039E-02  0.3200E-02
  0.3355E-02  0.3506E-02  0.3653E-02  0.3797E-02  0.3939E-02  0.4079E-02
  0.4217E-02  0.4355E-02  0.4491E-02  0.4627E-02  0.4763E-02  0.4898E-02
  0.5032E-02  0.5166E-02  0.5298E-02  0.5431E-02  0.5562E-02  0.5691E-02
  0.5820E-02  0.5947E-02  0.6072E-02  0.6196E-02  0.6318E-02  0.6438E-02
  0.6556E-02  0.6673E-02  0.6787E-02  0.6900E-02  0.7012E-02  0.7122E-02
  0.7231E-02  0.7339E-02  0.7446E-02  0.7554E-02  0.7661E-02  0.7770E-02
  0.7878E-02  0.7989E-02  0.8100E-02  0.8213E-02  0.8328E-02  0.8445E-02
  0.8564E-02  0.8684E-02  0.8807E-02  0.8929E-02  0.9052E-02  0.9174E-02
 842090  10030  TRITON     0- 60 MeV ;    1MeV-steps
  0.7827E-03  0.1176E-02  0.1495E-02  0.1777E-02  0.2028E-02  0.2255E-02
  0.2463E-02  0.2656E-02  0.2837E-02  0.3009E-02  0.3175E-02  0.3336E-02
  0.3494E-02  0.3649E-02  0.3802E-02  0.3954E-02  0.4104E-02  0.4254E-02
  0.4402E-02  0.4550E-02  0.4696E-02  0.4841E-02  0.4984E-02  0.5125E-02
  0.5265E-02  0.5403E-02  0.5538E-02  0.5672E-02  0.5804E-02  0.5934E-02
  0.6062E-02  0.6188E-02  0.6314E-02  0.6437E-02  0.6560E-02  0.6683E-02
  0.6804E-02  0.6926E-02  0.7047E-02  0.7169E-02  0.7290E-02  0.7413E-02
  0.7535E-02  0.7657E-02  0.7781E-02  0.7903E-02  0.8026E-02  0.8149E-02
  0.8270E-02  0.8390E-02  0.8510E-02  0.8628E-02  0.8743E-02  0.8856E-02
  0.8967E-02  0.9072E-02  0.9177E-02  0.9278E-02  0.9377E-02  0.9472E-02
 852100  10030  TRITON     0- 60 MeV ;    1MeV-steps
  0.1753E-02  0.2433E-02  0.2909E-02  0.3352E-02  0.3765E-02  0.4153E-02
  0.4520E-02  0.4869E-02  0.5203E-02  0.5524E-02  0.5834E-02  0.6135E-02
  0.6429E-02  0.6716E-02  0.6998E-02  0.7276E-02  0.7551E-02  0.7822E-02
  0.8091E-02  0.8357E-02  0.8621E-02  0.8882E-02  0.9142E-02  0.9399E-02
  0.9654E-02  0.9907E-02  0.1016E-01  0.1041E-01  0.1065E-01  0.1090E-01
  0.1114E-01  0.1138E-01  0.1161E-01  0.1185E-01  0.1208E-01  0.1231E-01
  0.1253E-01  0.1276E-01  0.1298E-01  0.1320E-01  0.1342E-01  0.1364E-01
  0.1386E-01  0.1408E-01  0.1429E-01  0.1451E-01  0.1472E-01  0.1494E-01
  0.1515E-01  0.1536E-01  0.1558E-01  0.1579E-01  0.1601E-01  0.1622E-01
  0.1644E-01  0.1665E-01  0.1687E-01  0.1708E-01  0.1729E-01  0.1750E-01
 862220  10030  TRITON     0- 60 MeV ;    1MeV-steps
  0.1658E-02  0.2320E-02  0.2837E-02  0.3315E-02  0.3760E-02  0.4176E-02
  0.4569E-02  0.4942E-02  0.5298E-02  0.5640E-02  0.5971E-02  0.6292E-02
  0.6604E-02  0.6909E-02  0.7209E-02  0.7503E-02  0.7793E-02  0.8079E-02
  0.8360E-02  0.8639E-02  0.8914E-02  0.9186E-02  0.9455E-02  0.9721E-02
  0.9984E-02  0.1024E-01  0.1050E-01  0.1076E-01  0.1101E-01  0.1126E-01
  0.1150E-01  0.1175E-01  0.1199E-01  0.1223E-01  0.1247E-01  0.1271E-01
  0.1294E-01  0.1318E-01  0.1341E-01  0.1364E-01  0.1388E-01  0.1411E-01
  0.1434E-01  0.1457E-01  0.1480E-01  0.1502E-01  0.1525E-01  0.1548E-01
  0.1571E-01  0.1593E-01  0.1616E-01  0.1638E-01  0.1660E-01  0.1682E-01
  0.1704E-01  0.1726E-01  0.1747E-01  0.1769E-01  0.1790E-01  0.1811E-01
 872230  10030  TRITON     0- 60 MeV ;    1MeV-steps
  0.1575E-02  0.2336E-02  0.2876E-02  0.3368E-02  0.3820E-02  0.4241E-02
  0.4635E-02  0.5009E-02  0.5365E-02  0.5707E-02  0.6038E-02  0.6360E-02
  0.6675E-02  0.6983E-02  0.7285E-02  0.7582E-02  0.7875E-02  0.8163E-02
  0.8447E-02  0.8726E-02  0.9001E-02  0.9273E-02  0.9540E-02  0.9803E-02
  0.1006E-01  0.1032E-01  0.1057E-01  0.1082E-01  0.1106E-01  0.1131E-01
  0.1155E-01  0.1179E-01  0.1202E-01  0.1226E-01  0.1250E-01  0.1273E-01
  0.1297E-01  0.1321E-01  0.1345E-01  0.1369E-01  0.1392E-01  0.1416E-01
  0.1441E-01  0.1465E-01  0.1489E-01  0.1513E-01  0.1537E-01  0.1560E-01
  0.1584E-01  0.1607E-01  0.1630E-01  0.1652E-01  0.1674E-01  0.1695E-01
  0.1716E-01  0.1736E-01  0.1755E-01  0.1774E-01  0.1793E-01  0.1811E-01
 882260  10030  TRITON     0- 60 MeV ;    1MeV-steps
  0.1386E-02  0.2200E-02  0.2768E-02  0.3289E-02  0.3770E-02  0.4216E-02
  0.4632E-02  0.5022E-02  0.5390E-02  0.5740E-02  0.6074E-02  0.6394E-02
  0.6704E-02  0.7005E-02  0.7299E-02  0.7586E-02  0.7869E-02  0.8148E-02
  0.8423E-02  0.8696E-02  0.8967E-02  0.9236E-02  0.9503E-02  0.9769E-02
  0.1003E-01  0.1030E-01  0.1056E-01  0.1082E-01  0.1108E-01  0.1134E-01
  0.1159E-01  0.1185E-01  0.1210E-01  0.1235E-01  0.1260E-01  0.1284E-01
  0.1309E-01  0.1333E-01  0.1357E-01  0.1380E-01  0.1404E-01  0.1427E-01
  0.1450E-01  0.1472E-01  0.1495E-01  0.1517E-01  0.1539E-01  0.1561E-01
  0.1583E-01  0.1604E-01  0.1626E-01  0.1647E-01  0.1668E-01  0.1689E-01
  0.1710E-01  0.1731E-01  0.1752E-01  0.1773E-01  0.1795E-01  0.1816E-01
 892270  10030  TRITON     0- 60 MeV ;    1MeV-steps
  0.6839E-03  0.1092E-02  0.1375E-02  0.1635E-02  0.1874E-02  0.2097E-02
  0.2303E-02  0.2497E-02  0.2680E-02  0.2852E-02  0.3017E-02  0.3176E-02
  0.3328E-02  0.3476E-02  0.3621E-02  0.3762E-02  0.3902E-02  0.4039E-02
  0.4175E-02  0.4310E-02  0.4445E-02  0.4578E-02  0.4711E-02  0.4843E-02
  0.4975E-02  0.5107E-02  0.5237E-02  0.5367E-02  0.5496E-02  0.5625E-02
  0.5752E-02  0.5878E-02  0.6003E-02  0.6126E-02  0.6248E-02  0.6369E-02
  0.6488E-02  0.6606E-02  0.6722E-02  0.6837E-02  0.6950E-02  0.7062E-02
  0.7173E-02  0.7283E-02  0.7392E-02  0.7501E-02  0.7609E-02  0.7716E-02
  0.7824E-02  0.7932E-02  0.8040E-02  0.8148E-02  0.8257E-02  0.8367E-02
  0.8478E-02  0.8589E-02  0.8701E-02  0.8813E-02  0.8926E-02  0.9038E-02
 902320  10030  TRITON     0- 60 MeV ;    1MeV-steps
  0.6163E-03  0.9331E-03  0.1203E-02  0.1442E-02  0.1656E-02  0.1849E-02
  0.2025E-02  0.2187E-02  0.2339E-02  0.2483E-02  0.2621E-02  0.2754E-02
  0.2884E-02  0.3011E-02  0.3137E-02  0.3262E-02  0.3385E-02  0.3509E-02
  0.3632E-02  0.3754E-02  0.3876E-02  0.3997E-02  0.4117E-02  0.4236E-02
  0.4354E-02  0.4471E-02  0.4586E-02  0.4700E-02  0.4812E-02  0.4922E-02
  0.5031E-02  0.5138E-02  0.5243E-02  0.5346E-02  0.5448E-02  0.5548E-02
  0.5647E-02  0.5744E-02  0.5841E-02  0.5937E-02  0.6033E-02  0.6128E-02
  0.6223E-02  0.6318E-02  0.6413E-02  0.6508E-02  0.6604E-02  0.6700E-02
  0.6797E-02  0.6893E-02  0.6991E-02  0.7088E-02  0.7186E-02  0.7284E-02
  0.7382E-02  0.7479E-02  0.7575E-02  0.7672E-02  0.7766E-02  0.7861E-02
 912310  10030  TRITON     0- 60 MeV ;    1MeV-steps
  0.5213E-03  0.7850E-03  0.9498E-03  0.1106E-02  0.1254E-02  0.1394E-02
  0.1527E-02  0.1654E-02  0.1775E-02  0.1892E-02  0.2003E-02  0.2110E-02
  0.2214E-02  0.2314E-02  0.2412E-02  0.2507E-02  0.2599E-02  0.2690E-02
  0.2780E-02  0.2868E-02  0.2955E-02  0.3041E-02  0.3126E-02  0.3211E-02
  0.3295E-02  0.3379E-02  0.3462E-02  0.3545E-02  0.3628E-02  0.3710E-02
  0.3793E-02  0.3875E-02  0.3957E-02  0.4038E-02  0.4119E-02  0.4200E-02
  0.4280E-02  0.4360E-02  0.4440E-02  0.4519E-02  0.4597E-02  0.4675E-02
  0.4752E-02  0.4828E-02  0.4904E-02  0.4978E-02  0.5053E-02  0.5126E-02
  0.5199E-02  0.5270E-02  0.5342E-02  0.5412E-02  0.5482E-02  0.5551E-02
  0.5619E-02  0.5687E-02  0.5754E-02  0.5821E-02  0.5887E-02  0.5952E-02
 922380  10030  TRITON     0- 60 MeV ;    1MeV-steps
  0.4162E-03  0.6223E-03  0.7627E-03  0.8945E-03  0.1019E-02  0.1136E-02
  0.1246E-02  0.1351E-02  0.1451E-02  0.1546E-02  0.1637E-02  0.1724E-02
  0.1809E-02  0.1890E-02  0.1970E-02  0.2047E-02  0.2124E-02  0.2199E-02
  0.2272E-02  0.2346E-02  0.2418E-02  0.2490E-02  0.2562E-02  0.2634E-02
  0.2705E-02  0.2777E-02  0.2848E-02  0.2919E-02  0.2990E-02  0.3060E-02
  0.3131E-02  0.3201E-02  0.3270E-02  0.3339E-02  0.3408E-02  0.3475E-02
  0.3542E-02  0.3608E-02  0.3673E-02  0.3737E-02  0.3800E-02  0.3861E-02
  0.3922E-02  0.3981E-02  0.4039E-02  0.4096E-02  0.4152E-02  0.4206E-02
  0.4260E-02  0.4313E-02  0.4366E-02  0.4417E-02  0.4469E-02  0.4520E-02
  0.4572E-02  0.4624E-02  0.4677E-02  0.4731E-02  0.4786E-02  0.4843E-02
 932370  10030  TRITON     0- 60 MeV ;    1MeV-steps
  0.3061E-03  0.5122E-03  0.6525E-03  0.7844E-03  0.9085E-03  0.1026E-02
  0.1136E-02  0.1241E-02  0.1341E-02  0.1436E-02  0.1527E-02  0.1614E-02
  0.1698E-02  0.1780E-02  0.1860E-02  0.1937E-02  0.2013E-02  0.2088E-02
  0.2162E-02  0.2235E-02  0.2308E-02  0.2380E-02  0.2452E-02  0.2524E-02
  0.2595E-02  0.2666E-02  0.2738E-02  0.2809E-02  0.2880E-02  0.2950E-02
  0.3021E-02  0.3091E-02  0.3160E-02  0.3229E-02  0.3297E-02  0.3365E-02
  0.3432E-02  0.3498E-02  0.3563E-02  0.3627E-02  0.3689E-02  0.3751E-02
  0.3812E-02  0.3871E-02  0.3929E-02  0.3986E-02  0.4041E-02  0.4096E-02
  0.4150E-02  0.4203E-02  0.4255E-02  0.4307E-02  0.4359E-02  0.4410E-02
  0.4462E-02  0.4514E-02  0.4567E-02  0.4621E-02  0.4676E-02  0.4732E-02
 942440  10030  TRITON     0- 60 MeV ;    1MeV-steps
  0.3536E-03  0.5597E-03  0.7000E-03  0.8319E-03  0.9560E-03  0.1073E-02
  0.1184E-02  0.1288E-02  0.1388E-02  0.1483E-02  0.1574E-02  0.1661E-02
  0.1746E-02  0.1828E-02  0.1907E-02  0.1985E-02  0.2061E-02  0.2136E-02
  0.2210E-02  0.2283E-02  0.2356E-02  0.2428E-02  0.2500E-02  0.2571E-02
  0.2643E-02  0.2714E-02  0.2785E-02  0.2856E-02  0.2927E-02  0.2998E-02
  0.3068E-02  0.3138E-02  0.3208E-02  0.3277E-02  0.3345E-02  0.3413E-02
  0.3479E-02  0.3545E-02  0.3610E-02  0.3674E-02  0.3737E-02  0.3799E-02
  0.3859E-02  0.3918E-02  0.3976E-02  0.4033E-02  0.4089E-02  0.4144E-02
  0.4197E-02  0.4251E-02  0.4303E-02  0.4355E-02  0.4406E-02  0.4458E-02
  0.4510E-02  0.4562E-02  0.4614E-02  0.4668E-02  0.4723E-02  0.4780E-02
 952430  10030  TRITON     0- 60 MeV ;    1MeV-steps
  0.1116E-02  0.1322E-02  0.1463E-02  0.1594E-02  0.1719E-02  0.1836E-02
  0.1946E-02  0.2051E-02  0.2151E-02  0.2246E-02  0.2337E-02  0.2424E-02
  0.2508E-02  0.2590E-02  0.2670E-02  0.2747E-02  0.2824E-02  0.2898E-02
  0.2972E-02  0.3046E-02  0.3118E-02  0.3190E-02  0.3262E-02  0.3334E-02
  0.3405E-02  0.3477E-02  0.3548E-02  0.3619E-02  0.3690E-02  0.3760E-02
  0.3831E-02  0.3901E-02  0.3970E-02  0.4039E-02  0.4108E-02  0.4175E-02
  0.4242E-02  0.4308E-02  0.4373E-02  0.4437E-02  0.4500E-02  0.4561E-02
  0.4622E-02  0.4681E-02  0.4739E-02  0.4796E-02  0.4852E-02  0.4906E-02
  0.4960E-02  0.5013E-02  0.5066E-02  0.5117E-02  0.5169E-02  0.5220E-02
  0.5272E-02  0.5324E-02  0.5377E-02  0.5431E-02  0.5486E-02  0.5543E-02
 962470  10030  TRITON     0- 60 MeV ;    1MeV-steps
  0.1185E-02  0.1392E-02  0.1532E-02  0.1664E-02  0.1788E-02  0.1905E-02
  0.2015E-02  0.2120E-02  0.2220E-02  0.2315E-02  0.2406E-02  0.2493E-02
  0.2578E-02  0.2659E-02  0.2739E-02  0.2817E-02  0.2893E-02  0.2968E-02
  0.3042E-02  0.3115E-02  0.3187E-02  0.3260E-02  0.3331E-02  0.3403E-02
  0.3474E-02  0.3546E-02  0.3617E-02  0.3688E-02  0.3759E-02  0.3830E-02
  0.3900E-02  0.3970E-02  0.4039E-02  0.4108E-02  0.4177E-02  0.4244E-02
  0.4311E-02  0.4377E-02  0.4442E-02  0.4506E-02  0.4569E-02  0.4630E-02
  0.4691E-02  0.4750E-02  0.4808E-02  0.4865E-02  0.4921E-02  0.4976E-02
  0.5029E-02  0.5082E-02  0.5135E-02  0.5187E-02  0.5238E-02  0.5290E-02
  0.5341E-02  0.5393E-02  0.5446E-02  0.5500E-02  0.5555E-02  0.5612E-02
