  10010  20030  3HE     0- 60 MeV ;    1MeV-steps
  0.2297E-02  0.3524E-02  0.4682E-02  0.5844E-02  0.7006E-02  0.8168E-02
  0.9325E-02  0.1048E-01  0.1162E-01  0.1276E-01  0.1390E-01  0.1502E-01
  0.1613E-01  0.1724E-01  0.1833E-01  0.1942E-01  0.2049E-01  0.2156E-01
  0.2262E-01  0.2366E-01  0.2470E-01  0.2574E-01  0.2676E-01  0.2778E-01
  0.2879E-01  0.2980E-01  0.3079E-01  0.3179E-01  0.3277E-01  0.3375E-01
  0.3473E-01  0.3570E-01  0.3667E-01  0.3763E-01  0.3859E-01  0.3954E-01
  0.4049E-01  0.4144E-01  0.4238E-01  0.4332E-01  0.4425E-01  0.4518E-01
  0.4611E-01  0.4703E-01  0.4795E-01  0.4886E-01  0.4977E-01  0.5068E-01
  0.5159E-01  0.5249E-01  0.5339E-01  0.5428E-01  0.5517E-01  0.5606E-01
  0.5695E-01  0.5784E-01  0.5872E-01  0.5960E-01  0.6048E-01  0.6136E-01
  20040  20030  3HE     0- 60 MeV ;    1MeV-steps
  0.3550E-02  0.4836E-02  0.6380E-02  0.7927E-02  0.9471E-02  0.1101E-01
  0.1254E-01  0.1405E-01  0.1555E-01  0.1704E-01  0.1851E-01  0.1996E-01
  0.2139E-01  0.2281E-01  0.2421E-01  0.2559E-01  0.2696E-01  0.2832E-01
  0.2965E-01  0.3098E-01  0.3229E-01  0.3360E-01  0.3489E-01  0.3617E-01
  0.3744E-01  0.3871E-01  0.3996E-01  0.4121E-01  0.4246E-01  0.4370E-01
  0.4493E-01  0.4615E-01  0.4737E-01  0.4859E-01  0.4980E-01  0.5100E-01
  0.5220E-01  0.5340E-01  0.5459E-01  0.5577E-01  0.5695E-01  0.5812E-01
  0.5929E-01  0.6045E-01  0.6161E-01  0.6277E-01  0.6391E-01  0.6506E-01
  0.6620E-01  0.6733E-01  0.6847E-01  0.6960E-01  0.7072E-01  0.7185E-01
  0.7297E-01  0.7408E-01  0.7520E-01  0.7632E-01  0.7743E-01  0.7854E-01
  30070  20030  3HE     0- 60 MeV ;    1MeV-steps
  0.1006E-02  0.1358E-02  0.1812E-02  0.2256E-02  0.2694E-02  0.3123E-02
  0.3546E-02  0.3963E-02  0.4373E-02  0.4778E-02  0.5177E-02  0.5571E-02
  0.5960E-02  0.6344E-02  0.6723E-02  0.7098E-02  0.7469E-02  0.7835E-02
  0.8198E-02  0.8557E-02  0.8912E-02  0.9264E-02  0.9613E-02  0.9958E-02
  0.1030E-01  0.1064E-01  0.1098E-01  0.1132E-01  0.1165E-01  0.1198E-01
  0.1231E-01  0.1264E-01  0.1297E-01  0.1330E-01  0.1363E-01  0.1395E-01
  0.1428E-01  0.1460E-01  0.1492E-01  0.1524E-01  0.1557E-01  0.1589E-01
  0.1621E-01  0.1652E-01  0.1684E-01  0.1716E-01  0.1747E-01  0.1779E-01
  0.1810E-01  0.1841E-01  0.1871E-01  0.1902E-01  0.1932E-01  0.1962E-01
  0.1992E-01  0.2022E-01  0.2051E-01  0.2080E-01  0.2109E-01  0.2138E-01
  40090  20030  3HE     0- 60 MeV ;    1MeV-steps
  0.3433E-03  0.4682E-03  0.5686E-03  0.6797E-03  0.7978E-03  0.9204E-03
  0.1045E-02  0.1171E-02  0.1295E-02  0.1418E-02  0.1539E-02  0.1657E-02
  0.1772E-02  0.1885E-02  0.1994E-02  0.2102E-02  0.2207E-02  0.2310E-02
  0.2412E-02  0.2513E-02  0.2613E-02  0.2712E-02  0.2811E-02  0.2910E-02
  0.3010E-02  0.3109E-02  0.3209E-02  0.3309E-02  0.3409E-02  0.3509E-02
  0.3609E-02  0.3710E-02  0.3809E-02  0.3909E-02  0.4008E-02  0.4106E-02
  0.4202E-02  0.4298E-02  0.4392E-02  0.4485E-02  0.4577E-02  0.4666E-02
  0.4755E-02  0.4842E-02  0.4927E-02  0.5012E-02  0.5096E-02  0.5179E-02
  0.5264E-02  0.5345E-02  0.5430E-02  0.5515E-02  0.5601E-02  0.5689E-02
  0.5778E-02  0.5871E-02  0.5964E-02  0.6060E-02  0.6157E-02  0.6254E-02
  50110  20030  3HE     0- 60 MeV ;    1MeV-steps
  0.2167E-03  0.3173E-03  0.4265E-03  0.5321E-03  0.6347E-03  0.7347E-03
  0.8324E-03  0.9281E-03  0.1022E-02  0.1114E-02  0.1205E-02  0.1294E-02
  0.1382E-02  0.1468E-02  0.1554E-02  0.1638E-02  0.1721E-02  0.1803E-02
  0.1884E-02  0.1964E-02  0.2044E-02  0.2122E-02  0.2200E-02  0.2278E-02
  0.2354E-02  0.2431E-02  0.2507E-02  0.2582E-02  0.2658E-02  0.2733E-02
  0.2809E-02  0.2884E-02  0.2960E-02  0.3035E-02  0.3111E-02  0.3186E-02
  0.3262E-02  0.3337E-02  0.3413E-02  0.3488E-02  0.3563E-02  0.3638E-02
  0.3712E-02  0.3785E-02  0.3857E-02  0.3928E-02  0.3998E-02  0.4067E-02
  0.4134E-02  0.4199E-02  0.4263E-02  0.4325E-02  0.4385E-02  0.4443E-02
  0.4499E-02  0.4554E-02  0.4608E-02  0.4661E-02  0.4714E-02  0.4768E-02
  60120  20030  3HE     0- 60 MeV ;    1MeV-steps
  0.2458E-03  0.3222E-03  0.4573E-03  0.5785E-03  0.6889E-03  0.7916E-03
  0.8886E-03  0.9819E-03  0.1073E-02  0.1162E-02  0.1251E-02  0.1340E-02
  0.1428E-02  0.1517E-02  0.1606E-02  0.1696E-02  0.1785E-02  0.1874E-02
  0.1962E-02  0.2050E-02  0.2136E-02  0.2222E-02  0.2306E-02  0.2388E-02
  0.2469E-02  0.2549E-02  0.2626E-02  0.2702E-02  0.2777E-02  0.2850E-02
  0.2923E-02  0.2994E-02  0.3065E-02  0.3135E-02  0.3206E-02  0.3276E-02
  0.3347E-02  0.3418E-02  0.3490E-02  0.3564E-02  0.3638E-02  0.3714E-02
  0.3791E-02  0.3869E-02  0.3949E-02  0.4029E-02  0.4111E-02  0.4193E-02
  0.4275E-02  0.4357E-02  0.4439E-02  0.4519E-02  0.4599E-02  0.4677E-02
  0.4752E-02  0.4824E-02  0.4895E-02  0.4961E-02  0.5023E-02  0.5084E-02
  70140  20030  3HE     0- 60 MeV ;    1MeV-steps
  0.7291E-03  0.9608E-03  0.1239E-02  0.1515E-02  0.1788E-02  0.2057E-02
  0.2322E-02  0.2582E-02  0.2837E-02  0.3087E-02  0.3332E-02  0.3572E-02
  0.3808E-02  0.4041E-02  0.4269E-02  0.4495E-02  0.4718E-02  0.4939E-02
  0.5157E-02  0.5375E-02  0.5591E-02  0.5805E-02  0.6019E-02  0.6233E-02
  0.6446E-02  0.6658E-02  0.6870E-02  0.7081E-02  0.7292E-02  0.7502E-02
  0.7711E-02  0.7919E-02  0.8126E-02  0.8331E-02  0.8535E-02  0.8738E-02
  0.8938E-02  0.9137E-02  0.9334E-02  0.9529E-02  0.9721E-02  0.9912E-02
  0.1010E-01  0.1029E-01  0.1047E-01  0.1066E-01  0.1084E-01  0.1102E-01
  0.1120E-01  0.1138E-01  0.1156E-01  0.1174E-01  0.1192E-01  0.1210E-01
  0.1229E-01  0.1247E-01  0.1266E-01  0.1285E-01  0.1304E-01  0.1323E-01
  80160  20030  3HE     0- 60 MeV ;    1MeV-steps
  0.5742E-03  0.7310E-03  0.9320E-03  0.1129E-02  0.1323E-02  0.1514E-02
  0.1702E-02  0.1887E-02  0.2070E-02  0.2250E-02  0.2428E-02  0.2604E-02
  0.2777E-02  0.2948E-02  0.3116E-02  0.3283E-02  0.3447E-02  0.3609E-02
  0.3769E-02  0.3927E-02  0.4083E-02  0.4238E-02  0.4392E-02  0.4543E-02
  0.4694E-02  0.4844E-02  0.4993E-02  0.5141E-02  0.5288E-02  0.5436E-02
  0.5582E-02  0.5729E-02  0.5876E-02  0.6022E-02  0.6169E-02  0.6316E-02
  0.6462E-02  0.6609E-02  0.6755E-02  0.6901E-02  0.7047E-02  0.7192E-02
  0.7336E-02  0.7479E-02  0.7621E-02  0.7762E-02  0.7900E-02  0.8037E-02
  0.8171E-02  0.8303E-02  0.8432E-02  0.8559E-02  0.8683E-02  0.8804E-02
  0.8923E-02  0.9040E-02  0.9156E-02  0.9270E-02  0.9385E-02  0.9501E-02
  90190  20030  3HE     0- 60 MeV ;    1MeV-steps
  0.7269E-03  0.8621E-03  0.1045E-02  0.1243E-02  0.1453E-02  0.1669E-02
  0.1889E-02  0.2108E-02  0.2325E-02  0.2538E-02  0.2747E-02  0.2951E-02
  0.3149E-02  0.3342E-02  0.3530E-02  0.3712E-02  0.3891E-02  0.4066E-02
  0.4237E-02  0.4407E-02  0.4574E-02  0.4740E-02  0.4906E-02  0.5071E-02
  0.5236E-02  0.5402E-02  0.5568E-02  0.5735E-02  0.5903E-02  0.6071E-02
  0.6240E-02  0.6409E-02  0.6578E-02  0.6747E-02  0.6916E-02  0.7084E-02
  0.7250E-02  0.7415E-02  0.7578E-02  0.7739E-02  0.7898E-02  0.8054E-02
  0.8208E-02  0.8361E-02  0.8509E-02  0.8656E-02  0.8801E-02  0.8944E-02
  0.9087E-02  0.9228E-02  0.9369E-02  0.9511E-02  0.9653E-02  0.9796E-02
  0.9942E-02  0.1009E-01  0.1024E-01  0.1040E-01  0.1055E-01  0.1071E-01
 100200  20030  3HE     0- 60 MeV ;    1MeV-steps
  0.6645E-03  0.7938E-03  0.1003E-02  0.1207E-02  0.1407E-02  0.1603E-02
  0.1795E-02  0.1984E-02  0.2170E-02  0.2353E-02  0.2533E-02  0.2711E-02
  0.2887E-02  0.3061E-02  0.3232E-02  0.3401E-02  0.3569E-02  0.3734E-02
  0.3898E-02  0.4060E-02  0.4220E-02  0.4378E-02  0.4535E-02  0.4690E-02
  0.4844E-02  0.4996E-02  0.5146E-02  0.5296E-02  0.5444E-02  0.5591E-02
  0.5736E-02  0.5881E-02  0.6025E-02  0.6168E-02  0.6310E-02  0.6452E-02
  0.6593E-02  0.6733E-02  0.6874E-02  0.7014E-02  0.7154E-02  0.7294E-02
  0.7435E-02  0.7575E-02  0.7716E-02  0.7857E-02  0.7998E-02  0.8140E-02
  0.8281E-02  0.8424E-02  0.8566E-02  0.8709E-02  0.8852E-02  0.8994E-02
  0.9136E-02  0.9278E-02  0.9419E-02  0.9559E-02  0.9698E-02  0.9835E-02
 110230  20030  3HE     0- 60 MeV ;    1MeV-steps
  0.6905E-03  0.9298E-03  0.1246E-02  0.1545E-02  0.1831E-02  0.2104E-02
  0.2367E-02  0.2622E-02  0.2869E-02  0.3109E-02  0.3344E-02  0.3574E-02
  0.3801E-02  0.4023E-02  0.4243E-02  0.4461E-02  0.4676E-02  0.4889E-02
  0.5099E-02  0.5309E-02  0.5516E-02  0.5722E-02  0.5926E-02  0.6129E-02
  0.6330E-02  0.6530E-02  0.6728E-02  0.6925E-02  0.7120E-02  0.7314E-02
  0.7506E-02  0.7697E-02  0.7887E-02  0.8075E-02  0.8262E-02  0.8449E-02
  0.8634E-02  0.8818E-02  0.9001E-02  0.9184E-02  0.9366E-02  0.9547E-02
  0.9728E-02  0.9909E-02  0.1009E-01  0.1027E-01  0.1045E-01  0.1063E-01
  0.1081E-01  0.1099E-01  0.1117E-01  0.1135E-01  0.1152E-01  0.1170E-01
  0.1188E-01  0.1206E-01  0.1223E-01  0.1240E-01  0.1258E-01  0.1275E-01
 120240  20030  3HE     0- 60 MeV ;    1MeV-steps
  0.4179E-03  0.5519E-03  0.7067E-03  0.8585E-03  0.1007E-02  0.1153E-02
  0.1295E-02  0.1434E-02  0.1571E-02  0.1704E-02  0.1835E-02  0.1963E-02
  0.2089E-02  0.2212E-02  0.2333E-02  0.2452E-02  0.2570E-02  0.2685E-02
  0.2800E-02  0.2912E-02  0.3024E-02  0.3135E-02  0.3244E-02  0.3353E-02
  0.3461E-02  0.3569E-02  0.3676E-02  0.3782E-02  0.3888E-02  0.3993E-02
  0.4098E-02  0.4202E-02  0.4306E-02  0.4409E-02  0.4513E-02  0.4615E-02
  0.4717E-02  0.4819E-02  0.4920E-02  0.5020E-02  0.5120E-02  0.5219E-02
  0.5317E-02  0.5415E-02  0.5512E-02  0.5608E-02  0.5704E-02  0.5799E-02
  0.5894E-02  0.5988E-02  0.6081E-02  0.6174E-02  0.6267E-02  0.6360E-02
  0.6453E-02  0.6546E-02  0.6640E-02  0.6734E-02  0.6830E-02  0.6927E-02
 130270  20030  3HE     0- 60 MeV ;    1MeV-steps
  0.2932E-03  0.3739E-03  0.4853E-03  0.5903E-03  0.6902E-03  0.7858E-03
  0.8780E-03  0.9675E-03  0.1055E-02  0.1140E-02  0.1225E-02  0.1308E-02
  0.1390E-02  0.1472E-02  0.1552E-02  0.1633E-02  0.1712E-02  0.1791E-02
  0.1870E-02  0.1948E-02  0.2025E-02  0.2101E-02  0.2176E-02  0.2251E-02
  0.2325E-02  0.2398E-02  0.2470E-02  0.2541E-02  0.2611E-02  0.2681E-02
  0.2749E-02  0.2817E-02  0.2884E-02  0.2950E-02  0.3016E-02  0.3081E-02
  0.3146E-02  0.3210E-02  0.3275E-02  0.3339E-02  0.3403E-02  0.3467E-02
  0.3531E-02  0.3596E-02  0.3661E-02  0.3726E-02  0.3791E-02  0.3857E-02
  0.3924E-02  0.3990E-02  0.4058E-02  0.4125E-02  0.4193E-02  0.4261E-02
  0.4329E-02  0.4398E-02  0.4466E-02  0.4534E-02  0.4601E-02  0.4669E-02
 140280  20030  3HE     0- 60 MeV ;    1MeV-steps
  0.3277E-03  0.4280E-03  0.5529E-03  0.6718E-03  0.7854E-03  0.8946E-03
  0.1000E-02  0.1102E-02  0.1202E-02  0.1299E-02  0.1394E-02  0.1488E-02
  0.1581E-02  0.1672E-02  0.1762E-02  0.1852E-02  0.1941E-02  0.2029E-02
  0.2116E-02  0.2203E-02  0.2289E-02  0.2375E-02  0.2460E-02  0.2544E-02
  0.2627E-02  0.2710E-02  0.2792E-02  0.2873E-02  0.2954E-02  0.3033E-02
  0.3112E-02  0.3190E-02  0.3267E-02  0.3343E-02  0.3419E-02  0.3494E-02
  0.3569E-02  0.3642E-02  0.3716E-02  0.3789E-02  0.3861E-02  0.3934E-02
  0.4006E-02  0.4079E-02  0.4151E-02  0.4224E-02  0.4296E-02  0.4370E-02
  0.4443E-02  0.4518E-02  0.4592E-02  0.4667E-02  0.4743E-02  0.4819E-02
  0.4895E-02  0.4971E-02  0.5048E-02  0.5124E-02  0.5200E-02  0.5275E-02
 150310  20030  3HE     0- 60 MeV ;    1MeV-steps
  0.4451E-03  0.6095E-03  0.7380E-03  0.8728E-03  0.1012E-02  0.1152E-02
  0.1293E-02  0.1433E-02  0.1571E-02  0.1706E-02  0.1839E-02  0.1968E-02
  0.2094E-02  0.2218E-02  0.2338E-02  0.2455E-02  0.2570E-02  0.2683E-02
  0.2794E-02  0.2904E-02  0.3013E-02  0.3121E-02  0.3228E-02  0.3336E-02
  0.3443E-02  0.3550E-02  0.3657E-02  0.3765E-02  0.3872E-02  0.3980E-02
  0.4088E-02  0.4196E-02  0.4303E-02  0.4410E-02  0.4517E-02  0.4623E-02
  0.4728E-02  0.4832E-02  0.4934E-02  0.5035E-02  0.5135E-02  0.5232E-02
  0.5329E-02  0.5423E-02  0.5515E-02  0.5606E-02  0.5696E-02  0.5783E-02
  0.5870E-02  0.5956E-02  0.6041E-02  0.6126E-02  0.6211E-02  0.6296E-02
  0.6383E-02  0.6471E-02  0.6561E-02  0.6652E-02  0.6744E-02  0.6839E-02
 160320  20030  3HE     0- 60 MeV ;    1MeV-steps
  0.3452E-03  0.4821E-03  0.6159E-03  0.7484E-03  0.8786E-03  0.1006E-02
  0.1131E-02  0.1252E-02  0.1370E-02  0.1485E-02  0.1597E-02  0.1706E-02
  0.1813E-02  0.1917E-02  0.2019E-02  0.2120E-02  0.2219E-02  0.2317E-02
  0.2414E-02  0.2511E-02  0.2607E-02  0.2702E-02  0.2798E-02  0.2892E-02
  0.2987E-02  0.3082E-02  0.3176E-02  0.3270E-02  0.3363E-02  0.3456E-02
  0.3549E-02  0.3640E-02  0.3730E-02  0.3820E-02  0.3908E-02  0.3995E-02
  0.4081E-02  0.4165E-02  0.4248E-02  0.4330E-02  0.4410E-02  0.4489E-02
  0.4567E-02  0.4644E-02  0.4720E-02  0.4796E-02  0.4871E-02  0.4947E-02
  0.5022E-02  0.5099E-02  0.5177E-02  0.5256E-02  0.5337E-02  0.5419E-02
  0.5505E-02  0.5591E-02  0.5681E-02  0.5772E-02  0.5865E-02  0.5960E-02
 170350  20030  3HE     0- 60 MeV ;    1MeV-steps
  0.4280E-03  0.5675E-03  0.7310E-03  0.8826E-03  0.1025E-02  0.1160E-02
  0.1289E-02  0.1415E-02  0.1537E-02  0.1657E-02  0.1776E-02  0.1894E-02
  0.2011E-02  0.2127E-02  0.2243E-02  0.2358E-02  0.2473E-02  0.2587E-02
  0.2700E-02  0.2812E-02  0.2924E-02  0.3034E-02  0.3143E-02  0.3250E-02
  0.3356E-02  0.3461E-02  0.3564E-02  0.3666E-02  0.3766E-02  0.3865E-02
  0.3964E-02  0.4061E-02  0.4157E-02  0.4253E-02  0.4349E-02  0.4444E-02
  0.4539E-02  0.4634E-02  0.4729E-02  0.4824E-02  0.4920E-02  0.5016E-02
  0.5113E-02  0.5209E-02  0.5307E-02  0.5404E-02  0.5502E-02  0.5600E-02
  0.5697E-02  0.5794E-02  0.5891E-02  0.5986E-02  0.6081E-02  0.6173E-02
  0.6264E-02  0.6354E-02  0.6441E-02  0.6527E-02  0.6611E-02  0.6694E-02
 180400  20030  3HE     0- 60 MeV ;    1MeV-steps
  0.5232E-03  0.6987E-03  0.9001E-03  0.1092E-02  0.1277E-02  0.1454E-02
  0.1626E-02  0.1792E-02  0.1954E-02  0.2112E-02  0.2267E-02  0.2418E-02
  0.2568E-02  0.2715E-02  0.2860E-02  0.3003E-02  0.3145E-02  0.3285E-02
  0.3425E-02  0.3563E-02  0.3699E-02  0.3835E-02  0.3969E-02  0.4102E-02
  0.4234E-02  0.4364E-02  0.4494E-02  0.4622E-02  0.4748E-02  0.4874E-02
  0.4998E-02  0.5121E-02  0.5242E-02  0.5363E-02  0.5482E-02  0.5600E-02
  0.5718E-02  0.5834E-02  0.5950E-02  0.6066E-02  0.6181E-02  0.6295E-02
  0.6410E-02  0.6525E-02  0.6640E-02  0.6756E-02  0.6873E-02  0.6990E-02
  0.7108E-02  0.7227E-02  0.7348E-02  0.7469E-02  0.7592E-02  0.7715E-02
  0.7839E-02  0.7964E-02  0.8088E-02  0.8213E-02  0.8336E-02  0.8457E-02
 190390  20030  3HE     0- 60 MeV ;    1MeV-steps
  0.9613E-03  0.1258E-02  0.1564E-02  0.1874E-02  0.2184E-02  0.2493E-02
  0.2799E-02  0.3101E-02  0.3397E-02  0.3687E-02  0.3971E-02  0.4248E-02
  0.4518E-02  0.4783E-02  0.5042E-02  0.5295E-02  0.5544E-02  0.5788E-02
  0.6029E-02  0.6266E-02  0.6501E-02  0.6733E-02  0.6964E-02  0.7193E-02
  0.7421E-02  0.7648E-02  0.7875E-02  0.8101E-02  0.8327E-02  0.8552E-02
  0.8777E-02  0.9002E-02  0.9226E-02  0.9449E-02  0.9671E-02  0.9893E-02
  0.1011E-01  0.1033E-01  0.1055E-01  0.1076E-01  0.1098E-01  0.1119E-01
  0.1140E-01  0.1161E-01  0.1181E-01  0.1202E-01  0.1222E-01  0.1242E-01
  0.1262E-01  0.1282E-01  0.1302E-01  0.1322E-01  0.1341E-01  0.1361E-01
  0.1381E-01  0.1401E-01  0.1420E-01  0.1440E-01  0.1460E-01  0.1480E-01
 200400  20030  3HE     0- 60 MeV ;    1MeV-steps
  0.5548E-03  0.6834E-03  0.8784E-03  0.1062E-02  0.1237E-02  0.1404E-02
  0.1565E-02  0.1722E-02  0.1875E-02  0.2025E-02  0.2173E-02  0.2320E-02
  0.2464E-02  0.2607E-02  0.2749E-02  0.2890E-02  0.3029E-02  0.3167E-02
  0.3304E-02  0.3439E-02  0.3573E-02  0.3705E-02  0.3835E-02  0.3964E-02
  0.4091E-02  0.4217E-02  0.4341E-02  0.4464E-02  0.4585E-02  0.4705E-02
  0.4824E-02  0.4941E-02  0.5058E-02  0.5175E-02  0.5290E-02  0.5406E-02
  0.5521E-02  0.5636E-02  0.5751E-02  0.5866E-02  0.5981E-02  0.6096E-02
  0.6211E-02  0.6327E-02  0.6442E-02  0.6557E-02  0.6672E-02  0.6786E-02
  0.6900E-02  0.7012E-02  0.7124E-02  0.7234E-02  0.7344E-02  0.7451E-02
  0.7557E-02  0.7661E-02  0.7764E-02  0.7866E-02  0.7965E-02  0.8065E-02
 210450  20030  3HE     0- 60 MeV ;    1MeV-steps
  0.2851E-03  0.3525E-03  0.4919E-03  0.6136E-03  0.7220E-03  0.8204E-03
  0.9117E-03  0.9980E-03  0.1081E-02  0.1162E-02  0.1242E-02  0.1322E-02
  0.1402E-02  0.1482E-02  0.1562E-02  0.1643E-02  0.1723E-02  0.1803E-02
  0.1883E-02  0.1962E-02  0.2040E-02  0.2117E-02  0.2193E-02  0.2267E-02
  0.2339E-02  0.2410E-02  0.2480E-02  0.2547E-02  0.2613E-02  0.2678E-02
  0.2742E-02  0.2805E-02  0.2868E-02  0.2930E-02  0.2992E-02  0.3054E-02
  0.3117E-02  0.3180E-02  0.3244E-02  0.3309E-02  0.3375E-02  0.3442E-02
  0.3509E-02  0.3579E-02  0.3648E-02  0.3718E-02  0.3789E-02  0.3860E-02
  0.3930E-02  0.3999E-02  0.4067E-02  0.4134E-02  0.4198E-02  0.4260E-02
  0.4319E-02  0.4375E-02  0.4429E-02  0.4480E-02  0.4525E-02  0.4573E-02
 220480  20030  3HE     0- 60 MeV ;    1MeV-steps
  0.2047E-03  0.2654E-03  0.3483E-03  0.4249E-03  0.4965E-03  0.5639E-03
  0.6281E-03  0.6896E-03  0.7491E-03  0.8070E-03  0.8637E-03  0.9194E-03
  0.9743E-03  0.1029E-02  0.1082E-02  0.1136E-02  0.1188E-02  0.1241E-02
  0.1293E-02  0.1344E-02  0.1395E-02  0.1445E-02  0.1495E-02  0.1544E-02
  0.1593E-02  0.1641E-02  0.1688E-02  0.1735E-02  0.1781E-02  0.1827E-02
  0.1872E-02  0.1917E-02  0.1962E-02  0.2006E-02  0.2050E-02  0.2094E-02
  0.2137E-02  0.2181E-02  0.2225E-02  0.2269E-02  0.2313E-02  0.2357E-02
  0.2402E-02  0.2447E-02  0.2492E-02  0.2537E-02  0.2582E-02  0.2628E-02
  0.2674E-02  0.2719E-02  0.2765E-02  0.2810E-02  0.2855E-02  0.2899E-02
  0.2942E-02  0.2985E-02  0.3026E-02  0.3067E-02  0.3105E-02  0.3143E-02
 230510  20030  3HE     0- 60 MeV ;    1MeV-steps
  0.1477E-03  0.1992E-03  0.2586E-03  0.3154E-03  0.3697E-03  0.4219E-03
  0.4720E-03  0.5204E-03  0.5673E-03  0.6128E-03  0.6571E-03  0.7003E-03
  0.7426E-03  0.7840E-03  0.8248E-03  0.8649E-03  0.9044E-03  0.9435E-03
  0.9822E-03  0.1020E-02  0.1058E-02  0.1096E-02  0.1133E-02  0.1170E-02
  0.1207E-02  0.1244E-02  0.1280E-02  0.1316E-02  0.1352E-02  0.1388E-02
  0.1423E-02  0.1458E-02  0.1493E-02  0.1528E-02  0.1562E-02  0.1597E-02
  0.1631E-02  0.1664E-02  0.1698E-02  0.1731E-02  0.1764E-02  0.1797E-02
  0.1830E-02  0.1863E-02  0.1895E-02  0.1927E-02  0.1960E-02  0.1992E-02
  0.2024E-02  0.2056E-02  0.2088E-02  0.2120E-02  0.2152E-02  0.2184E-02
  0.2216E-02  0.2248E-02  0.2279E-02  0.2311E-02  0.2342E-02  0.2373E-02
 240520  20030  3HE     0- 60 MeV ;    1MeV-steps
  0.1445E-03  0.1826E-03  0.2291E-03  0.2741E-03  0.3177E-03  0.3600E-03
  0.4011E-03  0.4411E-03  0.4800E-03  0.5181E-03  0.5553E-03  0.5917E-03
  0.6275E-03  0.6626E-03  0.6971E-03  0.7311E-03  0.7646E-03  0.7976E-03
  0.8303E-03  0.8626E-03  0.8946E-03  0.9262E-03  0.9576E-03  0.9887E-03
  0.1020E-02  0.1050E-02  0.1081E-02  0.1111E-02  0.1141E-02  0.1171E-02
  0.1200E-02  0.1230E-02  0.1259E-02  0.1288E-02  0.1317E-02  0.1346E-02
  0.1375E-02  0.1403E-02  0.1431E-02  0.1459E-02  0.1487E-02  0.1515E-02
  0.1543E-02  0.1570E-02  0.1598E-02  0.1625E-02  0.1652E-02  0.1679E-02
  0.1706E-02  0.1733E-02  0.1760E-02  0.1786E-02  0.1813E-02  0.1839E-02
  0.1866E-02  0.1892E-02  0.1918E-02  0.1945E-02  0.1971E-02  0.1997E-02
 250550  20030  3HE     0- 60 MeV ;    1MeV-steps
  0.1525E-03  0.1855E-03  0.2304E-03  0.2740E-03  0.3166E-03  0.3581E-03
  0.3986E-03  0.4381E-03  0.4766E-03  0.5143E-03  0.5512E-03  0.5873E-03
  0.6227E-03  0.6575E-03  0.6917E-03  0.7253E-03  0.7584E-03  0.7910E-03
  0.8233E-03  0.8551E-03  0.8866E-03  0.9178E-03  0.9487E-03  0.9794E-03
  0.1010E-02  0.1040E-02  0.1070E-02  0.1100E-02  0.1129E-02  0.1159E-02
  0.1188E-02  0.1217E-02  0.1246E-02  0.1275E-02  0.1303E-02  0.1332E-02
  0.1360E-02  0.1388E-02  0.1416E-02  0.1444E-02  0.1471E-02  0.1499E-02
  0.1526E-02  0.1553E-02  0.1580E-02  0.1607E-02  0.1634E-02  0.1660E-02
  0.1687E-02  0.1713E-02  0.1739E-02  0.1766E-02  0.1792E-02  0.1818E-02
  0.1844E-02  0.1870E-02  0.1896E-02  0.1922E-02  0.1947E-02  0.1973E-02
 260560  20030  3HE     0- 60 MeV ;    1MeV-steps
  0.1417E-03  0.1739E-03  0.2164E-03  0.2577E-03  0.2977E-03  0.3366E-03
  0.3744E-03  0.4113E-03  0.4472E-03  0.4823E-03  0.5166E-03  0.5502E-03
  0.5831E-03  0.6154E-03  0.6472E-03  0.6784E-03  0.7092E-03  0.7395E-03
  0.7695E-03  0.7991E-03  0.8284E-03  0.8574E-03  0.8862E-03  0.9147E-03
  0.9429E-03  0.9710E-03  0.9989E-03  0.1027E-02  0.1054E-02  0.1081E-02
  0.1109E-02  0.1136E-02  0.1162E-02  0.1189E-02  0.1216E-02  0.1242E-02
  0.1268E-02  0.1294E-02  0.1320E-02  0.1346E-02  0.1372E-02  0.1397E-02
  0.1423E-02  0.1448E-02  0.1473E-02  0.1498E-02  0.1523E-02  0.1547E-02
  0.1572E-02  0.1597E-02  0.1621E-02  0.1645E-02  0.1670E-02  0.1694E-02
  0.1718E-02  0.1742E-02  0.1766E-02  0.1790E-02  0.1814E-02  0.1838E-02
 270590  20030  3HE     0- 60 MeV ;    1MeV-steps
  0.1363E-03  0.1647E-03  0.2034E-03  0.2409E-03  0.2773E-03  0.3126E-03
  0.3470E-03  0.3805E-03  0.4131E-03  0.4450E-03  0.4761E-03  0.5066E-03
  0.5364E-03  0.5657E-03  0.5945E-03  0.6228E-03  0.6508E-03  0.6783E-03
  0.7055E-03  0.7323E-03  0.7589E-03  0.7853E-03  0.8113E-03  0.8372E-03
  0.8629E-03  0.8883E-03  0.9136E-03  0.9387E-03  0.9637E-03  0.9885E-03
  0.1013E-02  0.1038E-02  0.1062E-02  0.1086E-02  0.1110E-02  0.1134E-02
  0.1158E-02  0.1182E-02  0.1205E-02  0.1229E-02  0.1252E-02  0.1275E-02
  0.1298E-02  0.1321E-02  0.1344E-02  0.1366E-02  0.1389E-02  0.1411E-02
  0.1434E-02  0.1456E-02  0.1478E-02  0.1500E-02  0.1522E-02  0.1544E-02
  0.1566E-02  0.1588E-02  0.1610E-02  0.1632E-02  0.1653E-02  0.1675E-02
 280580  20030  3HE     0- 60 MeV ;    1MeV-steps
  0.1440E-03  0.1677E-03  0.2038E-03  0.2392E-03  0.2737E-03  0.3074E-03
  0.3404E-03  0.3726E-03  0.4041E-03  0.4350E-03  0.4652E-03  0.4947E-03
  0.5237E-03  0.5522E-03  0.5802E-03  0.6077E-03  0.6348E-03  0.6616E-03
  0.6879E-03  0.7140E-03  0.7398E-03  0.7653E-03  0.7905E-03  0.8156E-03
  0.8405E-03  0.8651E-03  0.8896E-03  0.9140E-03  0.9382E-03  0.9622E-03
  0.9861E-03  0.1010E-02  0.1034E-02  0.1057E-02  0.1080E-02  0.1104E-02
  0.1127E-02  0.1150E-02  0.1173E-02  0.1195E-02  0.1218E-02  0.1240E-02
  0.1263E-02  0.1285E-02  0.1307E-02  0.1329E-02  0.1350E-02  0.1372E-02
  0.1394E-02  0.1415E-02  0.1437E-02  0.1458E-02  0.1479E-02  0.1500E-02
  0.1522E-02  0.1543E-02  0.1564E-02  0.1585E-02  0.1606E-02  0.1627E-02
 290630  20030  3HE     0- 60 MeV ;    1MeV-steps
  0.1641E-03  0.1847E-03  0.2201E-03  0.2553E-03  0.2902E-03  0.3247E-03
  0.3587E-03  0.3921E-03  0.4250E-03  0.4573E-03  0.4889E-03  0.5200E-03
  0.5505E-03  0.5804E-03  0.6098E-03  0.6387E-03  0.6671E-03  0.6951E-03
  0.7227E-03  0.7499E-03  0.7768E-03  0.8034E-03  0.8298E-03  0.8559E-03
  0.8818E-03  0.9076E-03  0.9331E-03  0.9585E-03  0.9838E-03  0.1009E-02
  0.1034E-02  0.1059E-02  0.1083E-02  0.1108E-02  0.1133E-02  0.1157E-02
  0.1181E-02  0.1205E-02  0.1229E-02  0.1253E-02  0.1276E-02  0.1300E-02
  0.1323E-02  0.1346E-02  0.1369E-02  0.1392E-02  0.1415E-02  0.1437E-02
  0.1460E-02  0.1482E-02  0.1504E-02  0.1527E-02  0.1549E-02  0.1571E-02
  0.1593E-02  0.1615E-02  0.1637E-02  0.1659E-02  0.1682E-02  0.1704E-02
 300640  20030  3HE     0- 60 MeV ;    1MeV-steps
  0.2058E-03  0.2305E-03  0.2765E-03  0.3220E-03  0.3668E-03  0.4110E-03
  0.4544E-03  0.4969E-03  0.5386E-03  0.5795E-03  0.6195E-03  0.6587E-03
  0.6971E-03  0.7347E-03  0.7717E-03  0.8080E-03  0.8437E-03  0.8788E-03
  0.9135E-03  0.9476E-03  0.9814E-03  0.1015E-02  0.1048E-02  0.1081E-02
  0.1113E-02  0.1146E-02  0.1178E-02  0.1210E-02  0.1241E-02  0.1273E-02
  0.1304E-02  0.1336E-02  0.1367E-02  0.1398E-02  0.1428E-02  0.1459E-02
  0.1489E-02  0.1520E-02  0.1550E-02  0.1579E-02  0.1609E-02  0.1639E-02
  0.1668E-02  0.1697E-02  0.1726E-02  0.1754E-02  0.1783E-02  0.1811E-02
  0.1840E-02  0.1868E-02  0.1896E-02  0.1924E-02  0.1951E-02  0.1979E-02
  0.2007E-02  0.2035E-02  0.2063E-02  0.2090E-02  0.2118E-02  0.2146E-02
 310690  20030  3HE     0- 60 MeV ;    1MeV-steps
  0.2566E-03  0.2955E-03  0.3466E-03  0.3996E-03  0.4535E-03  0.5076E-03
  0.5615E-03  0.6148E-03  0.6672E-03  0.7184E-03  0.7685E-03  0.8173E-03
  0.8649E-03  0.9114E-03  0.9568E-03  0.1001E-02  0.1045E-02  0.1088E-02
  0.1130E-02  0.1172E-02  0.1213E-02  0.1254E-02  0.1295E-02  0.1336E-02
  0.1376E-02  0.1417E-02  0.1457E-02  0.1497E-02  0.1538E-02  0.1578E-02
  0.1617E-02  0.1657E-02  0.1696E-02  0.1735E-02  0.1774E-02  0.1812E-02
  0.1849E-02  0.1887E-02  0.1923E-02  0.1959E-02  0.1995E-02  0.2031E-02
  0.2066E-02  0.2100E-02  0.2135E-02  0.2169E-02  0.2204E-02  0.2238E-02
  0.2273E-02  0.2308E-02  0.2344E-02  0.2380E-02  0.2417E-02  0.2454E-02
  0.2492E-02  0.2530E-02  0.2569E-02  0.2608E-02  0.2646E-02  0.2684E-02
 320740  20030  3HE     0- 60 MeV ;    1MeV-steps
  0.2856E-03  0.3390E-03  0.3879E-03  0.4427E-03  0.5013E-03  0.5621E-03
  0.6238E-03  0.6855E-03  0.7463E-03  0.8058E-03  0.8637E-03  0.9198E-03
  0.9741E-03  0.1027E-02  0.1077E-02  0.1127E-02  0.1175E-02  0.1222E-02
  0.1268E-02  0.1314E-02  0.1359E-02  0.1404E-02  0.1449E-02  0.1494E-02
  0.1539E-02  0.1585E-02  0.1630E-02  0.1676E-02  0.1722E-02  0.1768E-02
  0.1813E-02  0.1859E-02  0.1904E-02  0.1949E-02  0.1994E-02  0.2037E-02
  0.2080E-02  0.2122E-02  0.2164E-02  0.2204E-02  0.2243E-02  0.2282E-02
  0.2319E-02  0.2356E-02  0.2392E-02  0.2428E-02  0.2463E-02  0.2499E-02
  0.2535E-02  0.2571E-02  0.2609E-02  0.2647E-02  0.2687E-02  0.2729E-02
  0.2772E-02  0.2815E-02  0.2863E-02  0.2910E-02  0.2959E-02  0.3009E-02
 330750  20030  3HE     0- 60 MeV ;    1MeV-steps
  0.2496E-03  0.3107E-03  0.3693E-03  0.4282E-03  0.4869E-03  0.5449E-03
  0.6020E-03  0.6581E-03  0.7129E-03  0.7663E-03  0.8185E-03  0.8694E-03
  0.9191E-03  0.9677E-03  0.1015E-02  0.1062E-02  0.1108E-02  0.1153E-02
  0.1197E-02  0.1242E-02  0.1285E-02  0.1329E-02  0.1372E-02  0.1415E-02
  0.1457E-02  0.1500E-02  0.1542E-02  0.1584E-02  0.1626E-02  0.1668E-02
  0.1709E-02  0.1751E-02  0.1792E-02  0.1832E-02  0.1872E-02  0.1912E-02
  0.1952E-02  0.1991E-02  0.2029E-02  0.2067E-02  0.2105E-02  0.2142E-02
  0.2179E-02  0.2216E-02  0.2252E-02  0.2289E-02  0.2325E-02  0.2362E-02
  0.2398E-02  0.2435E-02  0.2472E-02  0.2510E-02  0.2548E-02  0.2587E-02
  0.2626E-02  0.2666E-02  0.2705E-02  0.2745E-02  0.2785E-02  0.2824E-02
 340800  20030  3HE     0- 60 MeV ;    1MeV-steps
  0.3110E-03  0.3658E-03  0.4603E-03  0.5443E-03  0.6202E-03  0.6903E-03
  0.7562E-03  0.8194E-03  0.8807E-03  0.9410E-03  0.1001E-02  0.1060E-02
  0.1120E-02  0.1179E-02  0.1239E-02  0.1298E-02  0.1357E-02  0.1416E-02
  0.1474E-02  0.1531E-02  0.1588E-02  0.1643E-02  0.1698E-02  0.1751E-02
  0.1803E-02  0.1854E-02  0.1903E-02  0.1952E-02  0.2000E-02  0.2047E-02
  0.2094E-02  0.2140E-02  0.2186E-02  0.2232E-02  0.2279E-02  0.2325E-02
  0.2373E-02  0.2420E-02  0.2469E-02  0.2518E-02  0.2568E-02  0.2619E-02
  0.2670E-02  0.2722E-02  0.2774E-02  0.2826E-02  0.2878E-02  0.2929E-02
  0.2979E-02  0.3028E-02  0.3074E-02  0.3120E-02  0.3162E-02  0.3202E-02
  0.3239E-02  0.3273E-02  0.3304E-02  0.3332E-02  0.3358E-02  0.3382E-02
 350790  20030  3HE     0- 60 MeV ;    1MeV-steps
  0.4912E-03  0.5841E-03  0.6816E-03  0.7835E-03  0.8878E-03  0.9930E-03
  0.1098E-02  0.1202E-02  0.1304E-02  0.1404E-02  0.1502E-02  0.1597E-02
  0.1689E-02  0.1780E-02  0.1867E-02  0.1953E-02  0.2037E-02  0.2119E-02
  0.2201E-02  0.2280E-02  0.2360E-02  0.2438E-02  0.2516E-02  0.2593E-02
  0.2671E-02  0.2748E-02  0.2825E-02  0.2902E-02  0.2979E-02  0.3055E-02
  0.3132E-02  0.3208E-02  0.3283E-02  0.3358E-02  0.3433E-02  0.3507E-02
  0.3579E-02  0.3651E-02  0.3722E-02  0.3792E-02  0.3861E-02  0.3929E-02
  0.3996E-02  0.4062E-02  0.4127E-02  0.4192E-02  0.4256E-02  0.4321E-02
  0.4385E-02  0.4450E-02  0.4515E-02  0.4581E-02  0.4649E-02  0.4717E-02
  0.4788E-02  0.4859E-02  0.4932E-02  0.5006E-02  0.5082E-02  0.5158E-02
 360840  20030  3HE     0- 60 MeV ;    1MeV-steps
  0.5414E-03  0.6576E-03  0.8319E-03  0.9872E-03  0.1128E-02  0.1258E-02
  0.1380E-02  0.1498E-02  0.1611E-02  0.1722E-02  0.1833E-02  0.1942E-02
  0.2052E-02  0.2161E-02  0.2270E-02  0.2379E-02  0.2488E-02  0.2596E-02
  0.2703E-02  0.2808E-02  0.2912E-02  0.3015E-02  0.3116E-02  0.3214E-02
  0.3311E-02  0.3405E-02  0.3498E-02  0.3589E-02  0.3678E-02  0.3765E-02
  0.3851E-02  0.3937E-02  0.4022E-02  0.4106E-02  0.4191E-02  0.4276E-02
  0.4362E-02  0.4448E-02  0.4536E-02  0.4625E-02  0.4715E-02  0.4806E-02
  0.4898E-02  0.4991E-02  0.5086E-02  0.5179E-02  0.5274E-02  0.5367E-02
  0.5460E-02  0.5551E-02  0.5640E-02  0.5726E-02  0.5808E-02  0.5888E-02
  0.5962E-02  0.6032E-02  0.6099E-02  0.6162E-02  0.6218E-02  0.6275E-02
 370850  20030  3HE     0- 60 MeV ;    1MeV-steps
  0.8177E-03  0.1089E-02  0.1359E-02  0.1617E-02  0.1864E-02  0.2100E-02
  0.2328E-02  0.2548E-02  0.2760E-02  0.2965E-02  0.3165E-02  0.3359E-02
  0.3549E-02  0.3735E-02  0.3917E-02  0.4096E-02  0.4273E-02  0.4447E-02
  0.4619E-02  0.4789E-02  0.4957E-02  0.5125E-02  0.5290E-02  0.5455E-02
  0.5618E-02  0.5780E-02  0.5941E-02  0.6101E-02  0.6260E-02  0.6417E-02
  0.6574E-02  0.6729E-02  0.6883E-02  0.7036E-02  0.7188E-02  0.7338E-02
  0.7487E-02  0.7636E-02  0.7783E-02  0.7929E-02  0.8074E-02  0.8219E-02
  0.8363E-02  0.8506E-02  0.8649E-02  0.8792E-02  0.8935E-02  0.9078E-02
  0.9222E-02  0.9366E-02  0.9510E-02  0.9656E-02  0.9802E-02  0.9949E-02
  0.1010E-01  0.1024E-01  0.1039E-01  0.1054E-01  0.1069E-01  0.1083E-01
 380880  20030  3HE     0- 60 MeV ;    1MeV-steps
  0.5114E-03  0.6980E-03  0.8444E-03  0.9887E-03  0.1130E-02  0.1269E-02
  0.1404E-02  0.1536E-02  0.1664E-02  0.1788E-02  0.1910E-02  0.2028E-02
  0.2143E-02  0.2256E-02  0.2366E-02  0.2474E-02  0.2579E-02  0.2684E-02
  0.2786E-02  0.2888E-02  0.2988E-02  0.3088E-02  0.3187E-02  0.3285E-02
  0.3383E-02  0.3480E-02  0.3576E-02  0.3672E-02  0.3768E-02  0.3863E-02
  0.3958E-02  0.4052E-02  0.4146E-02  0.4239E-02  0.4332E-02  0.4423E-02
  0.4514E-02  0.4605E-02  0.4694E-02  0.4783E-02  0.4871E-02  0.4959E-02
  0.5046E-02  0.5133E-02  0.5219E-02  0.5306E-02  0.5392E-02  0.5478E-02
  0.5565E-02  0.5652E-02  0.5739E-02  0.5828E-02  0.5917E-02  0.6006E-02
  0.6096E-02  0.6186E-02  0.6277E-02  0.6368E-02  0.6457E-02  0.6545E-02
 390890  20030  3HE     0- 60 MeV ;    1MeV-steps
  0.2832E-03  0.3776E-03  0.4794E-03  0.5733E-03  0.6607E-03  0.7427E-03
  0.8202E-03  0.8940E-03  0.9649E-03  0.1033E-02  0.1100E-02  0.1165E-02
  0.1229E-02  0.1291E-02  0.1353E-02  0.1414E-02  0.1475E-02  0.1534E-02
  0.1593E-02  0.1652E-02  0.1710E-02  0.1768E-02  0.1824E-02  0.1881E-02
  0.1937E-02  0.1992E-02  0.2046E-02  0.2100E-02  0.2154E-02  0.2207E-02
  0.2260E-02  0.2312E-02  0.2364E-02  0.2415E-02  0.2466E-02  0.2517E-02
  0.2568E-02  0.2619E-02  0.2670E-02  0.2720E-02  0.2771E-02  0.2821E-02
  0.2872E-02  0.2922E-02  0.2973E-02  0.3023E-02  0.3074E-02  0.3124E-02
  0.3174E-02  0.3224E-02  0.3273E-02  0.3322E-02  0.3370E-02  0.3418E-02
  0.3465E-02  0.3511E-02  0.3556E-02  0.3600E-02  0.3643E-02  0.3685E-02
 400900  20030  3HE     0- 60 MeV ;    1MeV-steps
  0.1893E-03  0.2597E-03  0.3329E-03  0.3998E-03  0.4616E-03  0.5193E-03
  0.5737E-03  0.6253E-03  0.6748E-03  0.7226E-03  0.7691E-03  0.8146E-03
  0.8592E-03  0.9031E-03  0.9464E-03  0.9893E-03  0.1032E-02  0.1074E-02
  0.1115E-02  0.1157E-02  0.1197E-02  0.1238E-02  0.1278E-02  0.1318E-02
  0.1357E-02  0.1395E-02  0.1434E-02  0.1472E-02  0.1509E-02  0.1546E-02
  0.1583E-02  0.1619E-02  0.1655E-02  0.1691E-02  0.1727E-02  0.1763E-02
  0.1798E-02  0.1833E-02  0.1869E-02  0.1904E-02  0.1939E-02  0.1974E-02
  0.2009E-02  0.2044E-02  0.2080E-02  0.2114E-02  0.2149E-02  0.2184E-02
  0.2218E-02  0.2252E-02  0.2286E-02  0.2318E-02  0.2351E-02  0.2383E-02
  0.2413E-02  0.2444E-02  0.2473E-02  0.2502E-02  0.2530E-02  0.2557E-02
 410930  20030  3HE     0- 60 MeV ;    1MeV-steps
  0.1401E-03  0.1903E-03  0.2451E-03  0.2960E-03  0.3438E-03  0.3887E-03
  0.4312E-03  0.4717E-03  0.5104E-03  0.5477E-03  0.5838E-03  0.6188E-03
  0.6530E-03  0.6864E-03  0.7192E-03  0.7514E-03  0.7832E-03  0.8147E-03
  0.8457E-03  0.8765E-03  0.9069E-03  0.9371E-03  0.9671E-03  0.9968E-03
  0.1026E-02  0.1056E-02  0.1085E-02  0.1113E-02  0.1142E-02  0.1170E-02
  0.1198E-02  0.1226E-02  0.1254E-02  0.1282E-02  0.1309E-02  0.1336E-02
  0.1363E-02  0.1390E-02  0.1416E-02  0.1443E-02  0.1469E-02  0.1495E-02
  0.1521E-02  0.1547E-02  0.1573E-02  0.1599E-02  0.1624E-02  0.1650E-02
  0.1675E-02  0.1701E-02  0.1726E-02  0.1751E-02  0.1776E-02  0.1801E-02
  0.1826E-02  0.1851E-02  0.1876E-02  0.1900E-02  0.1924E-02  0.1949E-02
 420980  20030  3HE     0- 60 MeV ;    1MeV-steps
  0.1355E-03  0.1714E-03  0.2148E-03  0.2559E-03  0.2948E-03  0.3318E-03
  0.3672E-03  0.4012E-03  0.4339E-03  0.4656E-03  0.4962E-03  0.5261E-03
  0.5553E-03  0.5838E-03  0.6117E-03  0.6392E-03  0.6663E-03  0.6930E-03
  0.7194E-03  0.7455E-03  0.7713E-03  0.7968E-03  0.8222E-03  0.8473E-03
  0.8722E-03  0.8969E-03  0.9215E-03  0.9458E-03  0.9700E-03  0.9940E-03
  0.1018E-02  0.1041E-02  0.1065E-02  0.1088E-02  0.1111E-02  0.1135E-02
  0.1157E-02  0.1180E-02  0.1203E-02  0.1225E-02  0.1247E-02  0.1270E-02
  0.1292E-02  0.1314E-02  0.1336E-02  0.1357E-02  0.1379E-02  0.1401E-02
  0.1422E-02  0.1443E-02  0.1465E-02  0.1486E-02  0.1507E-02  0.1528E-02
  0.1549E-02  0.1570E-02  0.1591E-02  0.1612E-02  0.1633E-02  0.1654E-02
 430970  20030  3HE     0- 60 MeV ;    1MeV-steps
  0.1183E-03  0.1539E-03  0.1921E-03  0.2281E-03  0.2622E-03  0.2946E-03
  0.3255E-03  0.3552E-03  0.3838E-03  0.4114E-03  0.4382E-03  0.4643E-03
  0.4899E-03  0.5149E-03  0.5394E-03  0.5636E-03  0.5874E-03  0.6109E-03
  0.6341E-03  0.6571E-03  0.6799E-03  0.7024E-03  0.7247E-03  0.7469E-03
  0.7688E-03  0.7906E-03  0.8122E-03  0.8336E-03  0.8549E-03  0.8760E-03
  0.8969E-03  0.9177E-03  0.9383E-03  0.9588E-03  0.9792E-03  0.9994E-03
  0.1019E-02  0.1039E-02  0.1059E-02  0.1079E-02  0.1099E-02  0.1118E-02
  0.1138E-02  0.1157E-02  0.1176E-02  0.1195E-02  0.1214E-02  0.1233E-02
  0.1252E-02  0.1271E-02  0.1290E-02  0.1309E-02  0.1328E-02  0.1346E-02
  0.1365E-02  0.1383E-02  0.1401E-02  0.1420E-02  0.1438E-02  0.1456E-02
 441020  20030  3HE     0- 60 MeV ;    1MeV-steps
  0.1216E-03  0.1525E-03  0.1877E-03  0.2211E-03  0.2529E-03  0.2833E-03
  0.3125E-03  0.3406E-03  0.3677E-03  0.3939E-03  0.4195E-03  0.4444E-03
  0.4687E-03  0.4925E-03  0.5159E-03  0.5389E-03  0.5616E-03  0.5839E-03
  0.6060E-03  0.6278E-03  0.6494E-03  0.6707E-03  0.6919E-03  0.7129E-03
  0.7337E-03  0.7543E-03  0.7748E-03  0.7951E-03  0.8152E-03  0.8353E-03
  0.8551E-03  0.8749E-03  0.8944E-03  0.9139E-03  0.9332E-03  0.9524E-03
  0.9715E-03  0.9905E-03  0.1009E-02  0.1028E-02  0.1047E-02  0.1065E-02
  0.1084E-02  0.1102E-02  0.1120E-02  0.1138E-02  0.1156E-02  0.1174E-02
  0.1192E-02  0.1210E-02  0.1228E-02  0.1246E-02  0.1264E-02  0.1281E-02
  0.1299E-02  0.1316E-02  0.1334E-02  0.1351E-02  0.1368E-02  0.1386E-02
 451030  20030  3HE     0- 60 MeV ;    1MeV-steps
  0.1246E-03  0.1564E-03  0.1923E-03  0.2263E-03  0.2585E-03  0.2892E-03
  0.3186E-03  0.3469E-03  0.3742E-03  0.4006E-03  0.4262E-03  0.4512E-03
  0.4756E-03  0.4995E-03  0.5230E-03  0.5461E-03  0.5688E-03  0.5913E-03
  0.6135E-03  0.6354E-03  0.6571E-03  0.6786E-03  0.6999E-03  0.7210E-03
  0.7419E-03  0.7627E-03  0.7833E-03  0.8037E-03  0.8240E-03  0.8441E-03
  0.8641E-03  0.8840E-03  0.9036E-03  0.9232E-03  0.9426E-03  0.9619E-03
  0.9810E-03  0.1000E-02  0.1019E-02  0.1038E-02  0.1057E-02  0.1075E-02
  0.1094E-02  0.1112E-02  0.1130E-02  0.1149E-02  0.1167E-02  0.1185E-02
  0.1203E-02  0.1221E-02  0.1239E-02  0.1257E-02  0.1275E-02  0.1292E-02
  0.1310E-02  0.1327E-02  0.1345E-02  0.1362E-02  0.1380E-02  0.1397E-02
 461060  20030  3HE     0- 60 MeV ;    1MeV-steps
  0.1297E-03  0.1645E-03  0.2034E-03  0.2400E-03  0.2746E-03  0.3074E-03
  0.3388E-03  0.3688E-03  0.3977E-03  0.4257E-03  0.4527E-03  0.4791E-03
  0.5048E-03  0.5300E-03  0.5547E-03  0.5790E-03  0.6029E-03  0.6265E-03
  0.6499E-03  0.6729E-03  0.6958E-03  0.7184E-03  0.7408E-03  0.7630E-03
  0.7850E-03  0.8069E-03  0.8286E-03  0.8501E-03  0.8714E-03  0.8926E-03
  0.9136E-03  0.9345E-03  0.9552E-03  0.9758E-03  0.9962E-03  0.1017E-02
  0.1037E-02  0.1057E-02  0.1077E-02  0.1096E-02  0.1116E-02  0.1136E-02
  0.1155E-02  0.1174E-02  0.1194E-02  0.1213E-02  0.1232E-02  0.1251E-02
  0.1270E-02  0.1289E-02  0.1308E-02  0.1326E-02  0.1345E-02  0.1364E-02
  0.1382E-02  0.1401E-02  0.1419E-02  0.1438E-02  0.1456E-02  0.1474E-02
 471070  20030  3HE     0- 60 MeV ;    1MeV-steps
  0.1527E-03  0.1856E-03  0.2280E-03  0.2683E-03  0.3069E-03  0.3439E-03
  0.3794E-03  0.4136E-03  0.4466E-03  0.4786E-03  0.5097E-03  0.5400E-03
  0.5695E-03  0.5984E-03  0.6266E-03  0.6544E-03  0.6817E-03  0.7086E-03
  0.7352E-03  0.7614E-03  0.7873E-03  0.8129E-03  0.8383E-03  0.8635E-03
  0.8885E-03  0.9132E-03  0.9378E-03  0.9622E-03  0.9864E-03  0.1010E-02
  0.1034E-02  0.1058E-02  0.1082E-02  0.1105E-02  0.1128E-02  0.1151E-02
  0.1174E-02  0.1197E-02  0.1220E-02  0.1242E-02  0.1265E-02  0.1287E-02
  0.1309E-02  0.1331E-02  0.1353E-02  0.1375E-02  0.1396E-02  0.1418E-02
  0.1440E-02  0.1461E-02  0.1482E-02  0.1503E-02  0.1525E-02  0.1546E-02
  0.1567E-02  0.1588E-02  0.1609E-02  0.1630E-02  0.1651E-02  0.1671E-02
 481140  20030  3HE     0- 60 MeV ;    1MeV-steps
  0.1941E-03  0.2339E-03  0.2824E-03  0.3290E-03  0.3738E-03  0.4170E-03
  0.4587E-03  0.4990E-03  0.5382E-03  0.5763E-03  0.6134E-03  0.6497E-03
  0.6851E-03  0.7198E-03  0.7539E-03  0.7874E-03  0.8204E-03  0.8528E-03
  0.8849E-03  0.9166E-03  0.9479E-03  0.9789E-03  0.1010E-02  0.1040E-02
  0.1070E-02  0.1100E-02  0.1130E-02  0.1159E-02  0.1189E-02  0.1218E-02
  0.1246E-02  0.1275E-02  0.1304E-02  0.1332E-02  0.1360E-02  0.1388E-02
  0.1416E-02  0.1444E-02  0.1471E-02  0.1498E-02  0.1525E-02  0.1552E-02
  0.1579E-02  0.1606E-02  0.1632E-02  0.1659E-02  0.1685E-02  0.1711E-02
  0.1737E-02  0.1763E-02  0.1789E-02  0.1815E-02  0.1841E-02  0.1866E-02
  0.1892E-02  0.1917E-02  0.1943E-02  0.1968E-02  0.1993E-02  0.2018E-02
 491150  20030  3HE     0- 60 MeV ;    1MeV-steps
  0.2219E-03  0.2742E-03  0.3357E-03  0.3947E-03  0.4514E-03  0.5058E-03
  0.5582E-03  0.6087E-03  0.6575E-03  0.7046E-03  0.7504E-03  0.7948E-03
  0.8380E-03  0.8803E-03  0.9216E-03  0.9621E-03  0.1002E-02  0.1041E-02
  0.1080E-02  0.1118E-02  0.1156E-02  0.1193E-02  0.1231E-02  0.1268E-02
  0.1304E-02  0.1341E-02  0.1377E-02  0.1413E-02  0.1449E-02  0.1484E-02
  0.1519E-02  0.1554E-02  0.1589E-02  0.1623E-02  0.1657E-02  0.1691E-02
  0.1725E-02  0.1758E-02  0.1791E-02  0.1824E-02  0.1856E-02  0.1888E-02
  0.1921E-02  0.1952E-02  0.1984E-02  0.2016E-02  0.2047E-02  0.2079E-02
  0.2110E-02  0.2142E-02  0.2173E-02  0.2205E-02  0.2236E-02  0.2268E-02
  0.2300E-02  0.2332E-02  0.2363E-02  0.2394E-02  0.2425E-02  0.2456E-02
 501200  20030  3HE     0- 60 MeV ;    1MeV-steps
  0.2825E-03  0.3444E-03  0.4323E-03  0.5129E-03  0.5875E-03  0.6573E-03
  0.7232E-03  0.7860E-03  0.8463E-03  0.9046E-03  0.9614E-03  0.1017E-02
  0.1071E-02  0.1125E-02  0.1178E-02  0.1231E-02  0.1282E-02  0.1334E-02
  0.1384E-02  0.1434E-02  0.1484E-02  0.1533E-02  0.1581E-02  0.1629E-02
  0.1676E-02  0.1722E-02  0.1768E-02  0.1813E-02  0.1857E-02  0.1901E-02
  0.1945E-02  0.1988E-02  0.2031E-02  0.2073E-02  0.2116E-02  0.2158E-02
  0.2200E-02  0.2242E-02  0.2284E-02  0.2327E-02  0.2369E-02  0.2412E-02
  0.2455E-02  0.2498E-02  0.2541E-02  0.2584E-02  0.2628E-02  0.2671E-02
  0.2715E-02  0.2758E-02  0.2801E-02  0.2843E-02  0.2885E-02  0.2926E-02
  0.2966E-02  0.3005E-02  0.3042E-02  0.3080E-02  0.3115E-02  0.3149E-02
 511210  20030  3HE     0- 60 MeV ;    1MeV-steps
  0.2436E-03  0.3084E-03  0.3733E-03  0.4367E-03  0.4983E-03  0.5582E-03
  0.6162E-03  0.6724E-03  0.7268E-03  0.7794E-03  0.8305E-03  0.8801E-03
  0.9283E-03  0.9753E-03  0.1021E-02  0.1066E-02  0.1110E-02  0.1154E-02
  0.1196E-02  0.1239E-02  0.1280E-02  0.1322E-02  0.1363E-02  0.1404E-02
  0.1445E-02  0.1485E-02  0.1525E-02  0.1565E-02  0.1605E-02  0.1645E-02
  0.1684E-02  0.1724E-02  0.1762E-02  0.1801E-02  0.1839E-02  0.1877E-02
  0.1914E-02  0.1951E-02  0.1988E-02  0.2024E-02  0.2060E-02  0.2095E-02
  0.2130E-02  0.2165E-02  0.2199E-02  0.2234E-02  0.2268E-02  0.2302E-02
  0.2337E-02  0.2371E-02  0.2406E-02  0.2442E-02  0.2478E-02  0.2514E-02
  0.2551E-02  0.2588E-02  0.2626E-02  0.2665E-02  0.2704E-02  0.2743E-02
 521300  20030  3HE     0- 60 MeV ;    1MeV-steps
  0.2702E-03  0.3462E-03  0.4163E-03  0.4857E-03  0.5539E-03  0.6207E-03
  0.6858E-03  0.7489E-03  0.8101E-03  0.8693E-03  0.9265E-03  0.9820E-03
  0.1036E-02  0.1088E-02  0.1139E-02  0.1188E-02  0.1237E-02  0.1284E-02
  0.1331E-02  0.1377E-02  0.1423E-02  0.1468E-02  0.1513E-02  0.1558E-02
  0.1603E-02  0.1648E-02  0.1693E-02  0.1737E-02  0.1782E-02  0.1826E-02
  0.1870E-02  0.1914E-02  0.1958E-02  0.2002E-02  0.2045E-02  0.2087E-02
  0.2129E-02  0.2171E-02  0.2212E-02  0.2252E-02  0.2291E-02  0.2330E-02
  0.2368E-02  0.2406E-02  0.2443E-02  0.2479E-02  0.2515E-02  0.2551E-02
  0.2586E-02  0.2621E-02  0.2657E-02  0.2692E-02  0.2728E-02  0.2766E-02
  0.2803E-02  0.2842E-02  0.2882E-02  0.2923E-02  0.2967E-02  0.3011E-02
 531270  20030  3HE     0- 60 MeV ;    1MeV-steps
  0.3323E-03  0.4093E-03  0.5122E-03  0.6068E-03  0.6947E-03  0.7773E-03
  0.8557E-03  0.9308E-03  0.1003E-02  0.1074E-02  0.1142E-02  0.1210E-02
  0.1276E-02  0.1341E-02  0.1405E-02  0.1469E-02  0.1531E-02  0.1593E-02
  0.1653E-02  0.1713E-02  0.1772E-02  0.1830E-02  0.1887E-02  0.1943E-02
  0.1998E-02  0.2053E-02  0.2106E-02  0.2159E-02  0.2212E-02  0.2264E-02
  0.2316E-02  0.2367E-02  0.2418E-02  0.2470E-02  0.2521E-02  0.2572E-02
  0.2624E-02  0.2676E-02  0.2727E-02  0.2780E-02  0.2832E-02  0.2884E-02
  0.2936E-02  0.2988E-02  0.3040E-02  0.3091E-02  0.3142E-02  0.3192E-02
  0.3240E-02  0.3288E-02  0.3333E-02  0.3378E-02  0.3420E-02  0.3461E-02
  0.3500E-02  0.3538E-02  0.3574E-02  0.3608E-02  0.3644E-02  0.3678E-02
 541320  20030  3HE     0- 60 MeV ;    1MeV-steps
  0.5178E-03  0.6523E-03  0.8093E-03  0.9590E-03  0.1102E-02  0.1239E-02
  0.1370E-02  0.1496E-02  0.1618E-02  0.1736E-02  0.1850E-02  0.1961E-02
  0.2069E-02  0.2174E-02  0.2278E-02  0.2379E-02  0.2478E-02  0.2576E-02
  0.2673E-02  0.2768E-02  0.2862E-02  0.2955E-02  0.3047E-02  0.3138E-02
  0.3228E-02  0.3318E-02  0.3406E-02  0.3494E-02  0.3581E-02  0.3668E-02
  0.3754E-02  0.3839E-02  0.3923E-02  0.4007E-02  0.4090E-02  0.4172E-02
  0.4254E-02  0.4335E-02  0.4416E-02  0.4497E-02  0.4577E-02  0.4656E-02
  0.4735E-02  0.4815E-02  0.4893E-02  0.4972E-02  0.5051E-02  0.5130E-02
  0.5209E-02  0.5288E-02  0.5368E-02  0.5448E-02  0.5528E-02  0.5608E-02
  0.5689E-02  0.5769E-02  0.5850E-02  0.5930E-02  0.6010E-02  0.6090E-02
 551330  20030  3HE     0- 60 MeV ;    1MeV-steps
  0.7946E-03  0.1057E-02  0.1347E-02  0.1609E-02  0.1849E-02  0.2071E-02
  0.2280E-02  0.2479E-02  0.2670E-02  0.2855E-02  0.3036E-02  0.3213E-02
  0.3387E-02  0.3559E-02  0.3728E-02  0.3896E-02  0.4062E-02  0.4226E-02
  0.4387E-02  0.4547E-02  0.4704E-02  0.4858E-02  0.5010E-02  0.5159E-02
  0.5305E-02  0.5449E-02  0.5590E-02  0.5730E-02  0.5867E-02  0.6003E-02
  0.6137E-02  0.6271E-02  0.6404E-02  0.6536E-02  0.6669E-02  0.6802E-02
  0.6936E-02  0.7070E-02  0.7206E-02  0.7343E-02  0.7481E-02  0.7620E-02
  0.7760E-02  0.7901E-02  0.8041E-02  0.8183E-02  0.8322E-02  0.8463E-02
  0.8600E-02  0.8735E-02  0.8867E-02  0.8996E-02  0.9120E-02  0.9240E-02
  0.9354E-02  0.9465E-02  0.9572E-02  0.9669E-02  0.9769E-02  0.9862E-02
 561380  20030  3HE     0- 60 MeV ;    1MeV-steps
  0.4178E-03  0.5633E-03  0.7225E-03  0.8671E-03  0.1000E-02  0.1123E-02
  0.1239E-02  0.1349E-02  0.1454E-02  0.1556E-02  0.1654E-02  0.1750E-02
  0.1845E-02  0.1937E-02  0.2029E-02  0.2119E-02  0.2209E-02  0.2297E-02
  0.2384E-02  0.2470E-02  0.2555E-02  0.2639E-02  0.2722E-02  0.2804E-02
  0.2884E-02  0.2964E-02  0.3042E-02  0.3119E-02  0.3196E-02  0.3271E-02
  0.3346E-02  0.3420E-02  0.3494E-02  0.3568E-02  0.3641E-02  0.3714E-02
  0.3787E-02  0.3860E-02  0.3933E-02  0.4007E-02  0.4080E-02  0.4154E-02
  0.4228E-02  0.4302E-02  0.4376E-02  0.4450E-02  0.4524E-02  0.4597E-02
  0.4670E-02  0.4741E-02  0.4812E-02  0.4881E-02  0.4949E-02  0.5015E-02
  0.5079E-02  0.5142E-02  0.5203E-02  0.5264E-02  0.5322E-02  0.5380E-02
 571390  20030  3HE     0- 60 MeV ;    1MeV-steps
  0.2349E-03  0.3074E-03  0.4067E-03  0.4928E-03  0.5685E-03  0.6365E-03
  0.6988E-03  0.7571E-03  0.8126E-03  0.8663E-03  0.9190E-03  0.9711E-03
  0.1023E-02  0.1075E-02  0.1126E-02  0.1178E-02  0.1230E-02  0.1281E-02
  0.1332E-02  0.1382E-02  0.1432E-02  0.1480E-02  0.1528E-02  0.1575E-02
  0.1621E-02  0.1666E-02  0.1710E-02  0.1752E-02  0.1794E-02  0.1835E-02
  0.1876E-02  0.1916E-02  0.1956E-02  0.1995E-02  0.2035E-02  0.2075E-02
  0.2116E-02  0.2157E-02  0.2198E-02  0.2240E-02  0.2283E-02  0.2326E-02
  0.2370E-02  0.2415E-02  0.2459E-02  0.2504E-02  0.2549E-02  0.2593E-02
  0.2636E-02  0.2678E-02  0.2719E-02  0.2759E-02  0.2796E-02  0.2831E-02
  0.2863E-02  0.2893E-02  0.2921E-02  0.2946E-02  0.2970E-02  0.2993E-02
 581400  20030  3HE     0- 60 MeV ;    1MeV-steps
  0.2404E-03  0.3235E-03  0.3965E-03  0.4651E-03  0.5297E-03  0.5908E-03
  0.6490E-03  0.7047E-03  0.7582E-03  0.8099E-03  0.8599E-03  0.9086E-03
  0.9561E-03  0.1003E-02  0.1048E-02  0.1094E-02  0.1138E-02  0.1182E-02
  0.1225E-02  0.1268E-02  0.1311E-02  0.1353E-02  0.1395E-02  0.1437E-02
  0.1478E-02  0.1519E-02  0.1559E-02  0.1600E-02  0.1640E-02  0.1679E-02
  0.1719E-02  0.1758E-02  0.1796E-02  0.1835E-02  0.1873E-02  0.1910E-02
  0.1948E-02  0.1985E-02  0.2022E-02  0.2058E-02  0.2095E-02  0.2131E-02
  0.2167E-02  0.2203E-02  0.2238E-02  0.2274E-02  0.2310E-02  0.2345E-02
  0.2381E-02  0.2416E-02  0.2452E-02  0.2487E-02  0.2522E-02  0.2558E-02
  0.2593E-02  0.2628E-02  0.2663E-02  0.2697E-02  0.2732E-02  0.2766E-02
 591410  20030  3HE     0- 60 MeV ;    1MeV-steps
  0.2466E-03  0.3100E-03  0.3852E-03  0.4545E-03  0.5191E-03  0.5797E-03
  0.6372E-03  0.6922E-03  0.7451E-03  0.7964E-03  0.8463E-03  0.8951E-03
  0.9430E-03  0.9902E-03  0.1037E-02  0.1083E-02  0.1128E-02  0.1173E-02
  0.1217E-02  0.1261E-02  0.1304E-02  0.1347E-02  0.1389E-02  0.1430E-02
  0.1471E-02  0.1512E-02  0.1552E-02  0.1592E-02  0.1631E-02  0.1670E-02
  0.1708E-02  0.1746E-02  0.1784E-02  0.1822E-02  0.1859E-02  0.1897E-02
  0.1934E-02  0.1971E-02  0.2008E-02  0.2045E-02  0.2083E-02  0.2120E-02
  0.2157E-02  0.2194E-02  0.2231E-02  0.2267E-02  0.2304E-02  0.2340E-02
  0.2376E-02  0.2411E-02  0.2446E-02  0.2480E-02  0.2513E-02  0.2545E-02
  0.2577E-02  0.2608E-02  0.2637E-02  0.2667E-02  0.2695E-02  0.2723E-02
 601420  20030  3HE     0- 60 MeV ;    1MeV-steps
  0.2484E-03  0.3112E-03  0.3860E-03  0.4551E-03  0.5195E-03  0.5800E-03
  0.6373E-03  0.6919E-03  0.7444E-03  0.7952E-03  0.8445E-03  0.8927E-03
  0.9399E-03  0.9862E-03  0.1032E-02  0.1077E-02  0.1121E-02  0.1165E-02
  0.1208E-02  0.1251E-02  0.1294E-02  0.1335E-02  0.1377E-02  0.1418E-02
  0.1458E-02  0.1498E-02  0.1538E-02  0.1577E-02  0.1615E-02  0.1654E-02
  0.1692E-02  0.1729E-02  0.1767E-02  0.1804E-02  0.1841E-02  0.1878E-02
  0.1915E-02  0.1951E-02  0.1988E-02  0.2024E-02  0.2060E-02  0.2097E-02
  0.2133E-02  0.2169E-02  0.2205E-02  0.2241E-02  0.2276E-02  0.2311E-02
  0.2346E-02  0.2381E-02  0.2415E-02  0.2448E-02  0.2482E-02  0.2514E-02
  0.2546E-02  0.2577E-02  0.2607E-02  0.2638E-02  0.2668E-02  0.2698E-02
 611480  20030  3HE     0- 60 MeV ;    1MeV-steps
  0.2420E-03  0.3100E-03  0.3825E-03  0.4496E-03  0.5124E-03  0.5714E-03
  0.6274E-03  0.6809E-03  0.7323E-03  0.7820E-03  0.8303E-03  0.8774E-03
  0.9236E-03  0.9689E-03  0.1013E-02  0.1057E-02  0.1101E-02  0.1144E-02
  0.1186E-02  0.1228E-02  0.1269E-02  0.1310E-02  0.1351E-02  0.1391E-02
  0.1430E-02  0.1469E-02  0.1508E-02  0.1547E-02  0.1585E-02  0.1622E-02
  0.1659E-02  0.1697E-02  0.1733E-02  0.1770E-02  0.1806E-02  0.1842E-02
  0.1878E-02  0.1914E-02  0.1950E-02  0.1985E-02  0.2021E-02  0.2056E-02
  0.2091E-02  0.2126E-02  0.2161E-02  0.2196E-02  0.2230E-02  0.2264E-02
  0.2298E-02  0.2332E-02  0.2365E-02  0.2398E-02  0.2430E-02  0.2463E-02
  0.2495E-02  0.2526E-02  0.2558E-02  0.2589E-02  0.2621E-02  0.2654E-02
 621520  20030  3HE     0- 60 MeV ;    1MeV-steps
  0.2533E-03  0.3198E-03  0.3773E-03  0.4350E-03  0.4921E-03  0.5482E-03
  0.6030E-03  0.6564E-03  0.7081E-03  0.7581E-03  0.8065E-03  0.8533E-03
  0.8987E-03  0.9427E-03  0.9856E-03  0.1027E-02  0.1068E-02  0.1109E-02
  0.1148E-02  0.1188E-02  0.1227E-02  0.1265E-02  0.1304E-02  0.1342E-02
  0.1381E-02  0.1419E-02  0.1457E-02  0.1495E-02  0.1533E-02  0.1571E-02
  0.1609E-02  0.1646E-02  0.1683E-02  0.1719E-02  0.1755E-02  0.1791E-02
  0.1826E-02  0.1860E-02  0.1894E-02  0.1927E-02  0.1960E-02  0.1992E-02
  0.2024E-02  0.2056E-02  0.2087E-02  0.2118E-02  0.2149E-02  0.2181E-02
  0.2213E-02  0.2245E-02  0.2278E-02  0.2312E-02  0.2347E-02  0.2383E-02
  0.2419E-02  0.2458E-02  0.2496E-02  0.2536E-02  0.2576E-02  0.2617E-02
 631530  20030  3HE     0- 60 MeV ;    1MeV-steps
  0.3744E-03  0.4431E-03  0.5443E-03  0.6366E-03  0.7220E-03  0.8018E-03
  0.8773E-03  0.9496E-03  0.1019E-02  0.1087E-02  0.1153E-02  0.1219E-02
  0.1283E-02  0.1346E-02  0.1409E-02  0.1471E-02  0.1533E-02  0.1594E-02
  0.1654E-02  0.1713E-02  0.1771E-02  0.1828E-02  0.1885E-02  0.1940E-02
  0.1995E-02  0.2049E-02  0.2101E-02  0.2154E-02  0.2205E-02  0.2256E-02
  0.2306E-02  0.2356E-02  0.2406E-02  0.2455E-02  0.2505E-02  0.2555E-02
  0.2605E-02  0.2655E-02  0.2705E-02  0.2757E-02  0.2808E-02  0.2860E-02
  0.2912E-02  0.2965E-02  0.3018E-02  0.3071E-02  0.3124E-02  0.3176E-02
  0.3228E-02  0.3279E-02  0.3330E-02  0.3378E-02  0.3426E-02  0.3471E-02
  0.3515E-02  0.3557E-02  0.3596E-02  0.3633E-02  0.3668E-02  0.3701E-02
 641580  20030  3HE     0- 60 MeV ;    1MeV-steps
  0.2431E-03  0.3035E-03  0.3592E-03  0.4157E-03  0.4721E-03  0.5279E-03
  0.5825E-03  0.6356E-03  0.6870E-03  0.7366E-03  0.7845E-03  0.8306E-03
  0.8752E-03  0.9183E-03  0.9601E-03  0.1001E-02  0.1041E-02  0.1080E-02
  0.1118E-02  0.1156E-02  0.1194E-02  0.1231E-02  0.1269E-02  0.1306E-02
  0.1343E-02  0.1381E-02  0.1418E-02  0.1455E-02  0.1492E-02  0.1529E-02
  0.1566E-02  0.1602E-02  0.1638E-02  0.1674E-02  0.1709E-02  0.1744E-02
  0.1778E-02  0.1811E-02  0.1844E-02  0.1876E-02  0.1907E-02  0.1938E-02
  0.1969E-02  0.1999E-02  0.2029E-02  0.2059E-02  0.2089E-02  0.2120E-02
  0.2151E-02  0.2182E-02  0.2215E-02  0.2248E-02  0.2283E-02  0.2318E-02
  0.2355E-02  0.2392E-02  0.2431E-02  0.2470E-02  0.2507E-02  0.2545E-02
 651590  20030  3HE     0- 60 MeV ;    1MeV-steps
  0.2337E-03  0.2979E-03  0.3611E-03  0.4203E-03  0.4762E-03  0.5292E-03
  0.5797E-03  0.6282E-03  0.6750E-03  0.7202E-03  0.7643E-03  0.8072E-03
  0.8492E-03  0.8905E-03  0.9310E-03  0.9709E-03  0.1010E-02  0.1049E-02
  0.1087E-02  0.1125E-02  0.1163E-02  0.1200E-02  0.1236E-02  0.1273E-02
  0.1308E-02  0.1344E-02  0.1379E-02  0.1414E-02  0.1449E-02  0.1483E-02
  0.1517E-02  0.1550E-02  0.1584E-02  0.1617E-02  0.1650E-02  0.1682E-02
  0.1715E-02  0.1747E-02  0.1780E-02  0.1812E-02  0.1843E-02  0.1875E-02
  0.1907E-02  0.1938E-02  0.1970E-02  0.2001E-02  0.2032E-02  0.2063E-02
  0.2093E-02  0.2124E-02  0.2154E-02  0.2184E-02  0.2214E-02  0.2243E-02
  0.2273E-02  0.2302E-02  0.2331E-02  0.2360E-02  0.2389E-02  0.2418E-02
 661640  20030  3HE     0- 60 MeV ;    1MeV-steps
  0.2462E-03  0.2908E-03  0.3482E-03  0.4030E-03  0.4554E-03  0.5058E-03
  0.5543E-03  0.6012E-03  0.6466E-03  0.6908E-03  0.7338E-03  0.7758E-03
  0.8169E-03  0.8571E-03  0.8966E-03  0.9353E-03  0.9735E-03  0.1011E-02
  0.1048E-02  0.1085E-02  0.1121E-02  0.1156E-02  0.1191E-02  0.1226E-02
  0.1261E-02  0.1295E-02  0.1329E-02  0.1362E-02  0.1396E-02  0.1429E-02
  0.1462E-02  0.1494E-02  0.1526E-02  0.1559E-02  0.1591E-02  0.1622E-02
  0.1654E-02  0.1685E-02  0.1717E-02  0.1748E-02  0.1779E-02  0.1810E-02
  0.1840E-02  0.1871E-02  0.1901E-02  0.1931E-02  0.1961E-02  0.1990E-02
  0.2020E-02  0.2049E-02  0.2078E-02  0.2107E-02  0.2135E-02  0.2164E-02
  0.2192E-02  0.2220E-02  0.2248E-02  0.2276E-02  0.2305E-02  0.2333E-02
 671650  20030  3HE     0- 60 MeV ;    1MeV-steps
  0.2653E-03  0.3056E-03  0.3603E-03  0.4125E-03  0.4626E-03  0.5108E-03
  0.5575E-03  0.6027E-03  0.6467E-03  0.6896E-03  0.7315E-03  0.7725E-03
  0.8127E-03  0.8522E-03  0.8910E-03  0.9292E-03  0.9668E-03  0.1004E-02
  0.1040E-02  0.1076E-02  0.1112E-02  0.1147E-02  0.1182E-02  0.1216E-02
  0.1250E-02  0.1283E-02  0.1316E-02  0.1349E-02  0.1382E-02  0.1414E-02
  0.1446E-02  0.1478E-02  0.1510E-02  0.1541E-02  0.1573E-02  0.1604E-02
  0.1635E-02  0.1666E-02  0.1697E-02  0.1727E-02  0.1758E-02  0.1788E-02
  0.1818E-02  0.1848E-02  0.1878E-02  0.1908E-02  0.1937E-02  0.1966E-02
  0.1995E-02  0.2024E-02  0.2052E-02  0.2080E-02  0.2108E-02  0.2136E-02
  0.2163E-02  0.2190E-02  0.2218E-02  0.2245E-02  0.2272E-02  0.2300E-02
 681660  20030  3HE     0- 60 MeV ;    1MeV-steps
  0.2387E-03  0.2885E-03  0.3450E-03  0.3988E-03  0.4500E-03  0.4991E-03
  0.5461E-03  0.5914E-03  0.6351E-03  0.6774E-03  0.7185E-03  0.7585E-03
  0.7975E-03  0.8357E-03  0.8731E-03  0.9099E-03  0.9461E-03  0.9817E-03
  0.1017E-02  0.1052E-02  0.1086E-02  0.1120E-02  0.1154E-02  0.1187E-02
  0.1220E-02  0.1253E-02  0.1286E-02  0.1318E-02  0.1350E-02  0.1382E-02
  0.1414E-02  0.1445E-02  0.1476E-02  0.1507E-02  0.1537E-02  0.1568E-02
  0.1598E-02  0.1628E-02  0.1658E-02  0.1687E-02  0.1716E-02  0.1745E-02
  0.1774E-02  0.1803E-02  0.1832E-02  0.1860E-02  0.1889E-02  0.1917E-02
  0.1945E-02  0.1973E-02  0.2001E-02  0.2029E-02  0.2057E-02  0.2085E-02
  0.2113E-02  0.2141E-02  0.2168E-02  0.2196E-02  0.2223E-02  0.2250E-02
 691690  20030  3HE     0- 60 MeV ;    1MeV-steps
  0.2456E-03  0.2929E-03  0.3475E-03  0.3992E-03  0.4483E-03  0.4953E-03
  0.5404E-03  0.5838E-03  0.6259E-03  0.6666E-03  0.7063E-03  0.7451E-03
  0.7830E-03  0.8202E-03  0.8567E-03  0.8927E-03  0.9281E-03  0.9630E-03
  0.9975E-03  0.1032E-02  0.1065E-02  0.1098E-02  0.1131E-02  0.1164E-02
  0.1196E-02  0.1228E-02  0.1260E-02  0.1291E-02  0.1322E-02  0.1353E-02
  0.1384E-02  0.1414E-02  0.1444E-02  0.1474E-02  0.1504E-02  0.1533E-02
  0.1563E-02  0.1592E-02  0.1621E-02  0.1650E-02  0.1679E-02  0.1707E-02
  0.1735E-02  0.1764E-02  0.1792E-02  0.1820E-02  0.1848E-02  0.1875E-02
  0.1903E-02  0.1930E-02  0.1957E-02  0.1984E-02  0.2011E-02  0.2038E-02
  0.2064E-02  0.2091E-02  0.2117E-02  0.2143E-02  0.2170E-02  0.2196E-02
 701740  20030  3HE     0- 60 MeV ;    1MeV-steps
  0.3343E-03  0.4208E-03  0.4792E-03  0.5406E-03  0.6036E-03  0.6670E-03
  0.7300E-03  0.7919E-03  0.8523E-03  0.9108E-03  0.9674E-03  0.1022E-02
  0.1075E-02  0.1126E-02  0.1175E-02  0.1223E-02  0.1269E-02  0.1315E-02
  0.1360E-02  0.1404E-02  0.1449E-02  0.1492E-02  0.1536E-02  0.1580E-02
  0.1624E-02  0.1668E-02  0.1712E-02  0.1756E-02  0.1800E-02  0.1844E-02
  0.1888E-02  0.1932E-02  0.1976E-02  0.2018E-02  0.2061E-02  0.2103E-02
  0.2144E-02  0.2184E-02  0.2223E-02  0.2261E-02  0.2298E-02  0.2334E-02
  0.2370E-02  0.2404E-02  0.2439E-02  0.2472E-02  0.2505E-02  0.2539E-02
  0.2572E-02  0.2606E-02  0.2641E-02  0.2676E-02  0.2713E-02  0.2752E-02
  0.2790E-02  0.2831E-02  0.2873E-02  0.2918E-02  0.2963E-02  0.3008E-02
 711750  20030  3HE     0- 60 MeV ;    1MeV-steps
  0.2254E-03  0.2823E-03  0.3353E-03  0.3852E-03  0.4324E-03  0.4774E-03
  0.5205E-03  0.5619E-03  0.6018E-03  0.6406E-03  0.6783E-03  0.7151E-03
  0.7511E-03  0.7864E-03  0.8212E-03  0.8554E-03  0.8892E-03  0.9225E-03
  0.9555E-03  0.9881E-03  0.1020E-02  0.1052E-02  0.1084E-02  0.1115E-02
  0.1146E-02  0.1177E-02  0.1207E-02  0.1237E-02  0.1267E-02  0.1297E-02
  0.1326E-02  0.1355E-02  0.1384E-02  0.1412E-02  0.1441E-02  0.1469E-02
  0.1497E-02  0.1525E-02  0.1552E-02  0.1580E-02  0.1607E-02  0.1634E-02
  0.1661E-02  0.1688E-02  0.1715E-02  0.1742E-02  0.1768E-02  0.1795E-02
  0.1821E-02  0.1848E-02  0.1874E-02  0.1900E-02  0.1926E-02  0.1952E-02
  0.1977E-02  0.2003E-02  0.2028E-02  0.2053E-02  0.2079E-02  0.2103E-02
 721800  20030  3HE     0- 60 MeV ;    1MeV-steps
  0.1780E-03  0.2075E-03  0.2444E-03  0.2799E-03  0.3141E-03  0.3470E-03
  0.3789E-03  0.4098E-03  0.4397E-03  0.4689E-03  0.4972E-03  0.5249E-03
  0.5520E-03  0.5785E-03  0.6045E-03  0.6300E-03  0.6551E-03  0.6799E-03
  0.7042E-03  0.7283E-03  0.7521E-03  0.7755E-03  0.7988E-03  0.8218E-03
  0.8446E-03  0.8672E-03  0.8896E-03  0.9118E-03  0.9339E-03  0.9557E-03
  0.9774E-03  0.9990E-03  0.1020E-02  0.1042E-02  0.1063E-02  0.1084E-02
  0.1105E-02  0.1125E-02  0.1146E-02  0.1166E-02  0.1187E-02  0.1207E-02
  0.1227E-02  0.1247E-02  0.1266E-02  0.1286E-02  0.1306E-02  0.1325E-02
  0.1345E-02  0.1364E-02  0.1383E-02  0.1402E-02  0.1422E-02  0.1441E-02
  0.1460E-02  0.1479E-02  0.1497E-02  0.1516E-02  0.1535E-02  0.1554E-02
 731810  20030  3HE     0- 60 MeV ;    1MeV-steps
  0.1482E-03  0.1727E-03  0.2036E-03  0.2331E-03  0.2614E-03  0.2886E-03
  0.3148E-03  0.3400E-03  0.3644E-03  0.3881E-03  0.4111E-03  0.4335E-03
  0.4554E-03  0.4768E-03  0.4978E-03  0.5183E-03  0.5386E-03  0.5585E-03
  0.5782E-03  0.5976E-03  0.6168E-03  0.6358E-03  0.6547E-03  0.6733E-03
  0.6918E-03  0.7101E-03  0.7283E-03  0.7463E-03  0.7642E-03  0.7820E-03
  0.7996E-03  0.8172E-03  0.8346E-03  0.8518E-03  0.8690E-03  0.8861E-03
  0.9030E-03  0.9198E-03  0.9365E-03  0.9531E-03  0.9696E-03  0.9860E-03
  0.1002E-02  0.1019E-02  0.1035E-02  0.1051E-02  0.1067E-02  0.1082E-02
  0.1098E-02  0.1114E-02  0.1130E-02  0.1145E-02  0.1161E-02  0.1176E-02
  0.1192E-02  0.1207E-02  0.1222E-02  0.1238E-02  0.1253E-02  0.1268E-02
 741840  20030  3HE     0- 60 MeV ;    1MeV-steps
  0.1245E-03  0.1490E-03  0.1763E-03  0.2022E-03  0.2268E-03  0.2504E-03
  0.2730E-03  0.2948E-03  0.3159E-03  0.3363E-03  0.3561E-03  0.3755E-03
  0.3944E-03  0.4130E-03  0.4312E-03  0.4491E-03  0.4667E-03  0.4841E-03
  0.5013E-03  0.5182E-03  0.5350E-03  0.5516E-03  0.5680E-03  0.5842E-03
  0.6003E-03  0.6163E-03  0.6321E-03  0.6477E-03  0.6633E-03  0.6787E-03
  0.6939E-03  0.7091E-03  0.7241E-03  0.7390E-03  0.7538E-03  0.7685E-03
  0.7830E-03  0.7975E-03  0.8119E-03  0.8262E-03  0.8404E-03  0.8546E-03
  0.8686E-03  0.8826E-03  0.8965E-03  0.9104E-03  0.9242E-03  0.9379E-03
  0.9516E-03  0.9652E-03  0.9787E-03  0.9922E-03  0.1006E-02  0.1019E-02
  0.1032E-02  0.1046E-02  0.1059E-02  0.1072E-02  0.1085E-02  0.1098E-02
 751870  20030  3HE     0- 60 MeV ;    1MeV-steps
  0.1256E-03  0.1409E-03  0.1648E-03  0.1878E-03  0.2101E-03  0.2315E-03
  0.2523E-03  0.2725E-03  0.2920E-03  0.3110E-03  0.3295E-03  0.3475E-03
  0.3651E-03  0.3822E-03  0.3991E-03  0.4156E-03  0.4319E-03  0.4478E-03
  0.4636E-03  0.4791E-03  0.4944E-03  0.5096E-03  0.5245E-03  0.5394E-03
  0.5541E-03  0.5687E-03  0.5831E-03  0.5975E-03  0.6117E-03  0.6258E-03
  0.6399E-03  0.6538E-03  0.6677E-03  0.6814E-03  0.6951E-03  0.7087E-03
  0.7221E-03  0.7355E-03  0.7488E-03  0.7620E-03  0.7751E-03  0.7881E-03
  0.8010E-03  0.8139E-03  0.8267E-03  0.8393E-03  0.8520E-03  0.8645E-03
  0.8770E-03  0.8894E-03  0.9018E-03  0.9142E-03  0.9265E-03  0.9388E-03
  0.9510E-03  0.9632E-03  0.9754E-03  0.9876E-03  0.9998E-03  0.1012E-02
 761920  20030  3HE     0- 60 MeV ;    1MeV-steps
  0.1133E-03  0.1300E-03  0.1528E-03  0.1747E-03  0.1957E-03  0.2161E-03
  0.2357E-03  0.2547E-03  0.2731E-03  0.2910E-03  0.3083E-03  0.3253E-03
  0.3418E-03  0.3580E-03  0.3738E-03  0.3893E-03  0.4046E-03  0.4196E-03
  0.4344E-03  0.4490E-03  0.4634E-03  0.4777E-03  0.4917E-03  0.5057E-03
  0.5195E-03  0.5332E-03  0.5468E-03  0.5603E-03  0.5737E-03  0.5870E-03
  0.6002E-03  0.6133E-03  0.6263E-03  0.6392E-03  0.6520E-03  0.6647E-03
  0.6774E-03  0.6900E-03  0.7024E-03  0.7148E-03  0.7271E-03  0.7394E-03
  0.7515E-03  0.7636E-03  0.7756E-03  0.7875E-03  0.7994E-03  0.8112E-03
  0.8229E-03  0.8346E-03  0.8462E-03  0.8578E-03  0.8694E-03  0.8809E-03
  0.8924E-03  0.9039E-03  0.9153E-03  0.9267E-03  0.9382E-03  0.9495E-03
 771930  20030  3HE     0- 60 MeV ;    1MeV-steps
  0.1195E-03  0.1348E-03  0.1575E-03  0.1795E-03  0.2006E-03  0.2211E-03
  0.2409E-03  0.2601E-03  0.2787E-03  0.2967E-03  0.3143E-03  0.3314E-03
  0.3482E-03  0.3645E-03  0.3806E-03  0.3963E-03  0.4117E-03  0.4269E-03
  0.4418E-03  0.4566E-03  0.4712E-03  0.4855E-03  0.4998E-03  0.5139E-03
  0.5278E-03  0.5417E-03  0.5554E-03  0.5690E-03  0.5825E-03  0.5959E-03
  0.6093E-03  0.6225E-03  0.6356E-03  0.6487E-03  0.6616E-03  0.6745E-03
  0.6873E-03  0.7000E-03  0.7126E-03  0.7251E-03  0.7376E-03  0.7499E-03
  0.7622E-03  0.7744E-03  0.7865E-03  0.7985E-03  0.8105E-03  0.8224E-03
  0.8343E-03  0.8461E-03  0.8578E-03  0.8695E-03  0.8812E-03  0.8929E-03
  0.9045E-03  0.9161E-03  0.9276E-03  0.9392E-03  0.9507E-03  0.9622E-03
 781950  20030  3HE     0- 60 MeV ;    1MeV-steps
  0.1225E-03  0.1449E-03  0.1704E-03  0.1947E-03  0.2177E-03  0.2397E-03
  0.2609E-03  0.2812E-03  0.3008E-03  0.3198E-03  0.3383E-03  0.3563E-03
  0.3739E-03  0.3912E-03  0.4081E-03  0.4247E-03  0.4410E-03  0.4571E-03
  0.4730E-03  0.4887E-03  0.5042E-03  0.5195E-03  0.5347E-03  0.5497E-03
  0.5646E-03  0.5793E-03  0.5939E-03  0.6083E-03  0.6227E-03  0.6369E-03
  0.6510E-03  0.6649E-03  0.6788E-03  0.6926E-03  0.7062E-03  0.7198E-03
  0.7332E-03  0.7466E-03  0.7599E-03  0.7731E-03  0.7862E-03  0.7992E-03
  0.8122E-03  0.8251E-03  0.8380E-03  0.8508E-03  0.8635E-03  0.8761E-03
  0.8888E-03  0.9013E-03  0.9138E-03  0.9262E-03  0.9386E-03  0.9510E-03
  0.9633E-03  0.9755E-03  0.9876E-03  0.9997E-03  0.1012E-02  0.1024E-02
 791970  20030  3HE     0- 60 MeV ;    1MeV-steps
  0.1318E-03  0.1541E-03  0.1820E-03  0.2086E-03  0.2341E-03  0.2585E-03
  0.2820E-03  0.3046E-03  0.3265E-03  0.3477E-03  0.3684E-03  0.3884E-03
  0.4080E-03  0.4271E-03  0.4459E-03  0.4643E-03  0.4823E-03  0.5001E-03
  0.5176E-03  0.5349E-03  0.5520E-03  0.5689E-03  0.5855E-03  0.6020E-03
  0.6184E-03  0.6346E-03  0.6506E-03  0.6666E-03  0.6823E-03  0.6980E-03
  0.7135E-03  0.7289E-03  0.7442E-03  0.7594E-03  0.7745E-03  0.7895E-03
  0.8043E-03  0.8191E-03  0.8337E-03  0.8483E-03  0.8628E-03  0.8771E-03
  0.8914E-03  0.9056E-03  0.9197E-03  0.9338E-03  0.9478E-03  0.9617E-03
  0.9755E-03  0.9893E-03  0.1003E-02  0.1017E-02  0.1030E-02  0.1044E-02
  0.1057E-02  0.1071E-02  0.1084E-02  0.1098E-02  0.1111E-02  0.1124E-02
 802020  20030  3HE     0- 60 MeV ;    1MeV-steps
  0.1942E-03  0.2289E-03  0.2685E-03  0.3061E-03  0.3420E-03  0.3764E-03
  0.4094E-03  0.4413E-03  0.4721E-03  0.5020E-03  0.5311E-03  0.5594E-03
  0.5871E-03  0.6143E-03  0.6409E-03  0.6671E-03  0.6929E-03  0.7183E-03
  0.7434E-03  0.7681E-03  0.7926E-03  0.8168E-03  0.8407E-03  0.8644E-03
  0.8879E-03  0.9112E-03  0.9342E-03  0.9570E-03  0.9797E-03  0.1002E-02
  0.1024E-02  0.1046E-02  0.1068E-02  0.1090E-02  0.1112E-02  0.1133E-02
  0.1154E-02  0.1176E-02  0.1197E-02  0.1217E-02  0.1238E-02  0.1259E-02
  0.1279E-02  0.1300E-02  0.1320E-02  0.1340E-02  0.1360E-02  0.1380E-02
  0.1400E-02  0.1420E-02  0.1440E-02  0.1460E-02  0.1479E-02  0.1499E-02
  0.1518E-02  0.1537E-02  0.1557E-02  0.1576E-02  0.1595E-02  0.1614E-02
 812050  20030  3HE     0- 60 MeV ;    1MeV-steps
  0.2140E-03  0.2599E-03  0.3072E-03  0.3518E-03  0.3941E-03  0.4345E-03
  0.4731E-03  0.5102E-03  0.5459E-03  0.5805E-03  0.6141E-03  0.6468E-03
  0.6788E-03  0.7101E-03  0.7408E-03  0.7709E-03  0.8006E-03  0.8299E-03
  0.8588E-03  0.8873E-03  0.9155E-03  0.9434E-03  0.9710E-03  0.9984E-03
  0.1025E-02  0.1052E-02  0.1079E-02  0.1105E-02  0.1131E-02  0.1157E-02
  0.1183E-02  0.1208E-02  0.1233E-02  0.1258E-02  0.1283E-02  0.1308E-02
  0.1333E-02  0.1357E-02  0.1381E-02  0.1405E-02  0.1429E-02  0.1453E-02
  0.1476E-02  0.1500E-02  0.1523E-02  0.1547E-02  0.1570E-02  0.1593E-02
  0.1616E-02  0.1639E-02  0.1662E-02  0.1684E-02  0.1707E-02  0.1730E-02
  0.1752E-02  0.1774E-02  0.1796E-02  0.1818E-02  0.1841E-02  0.1862E-02
 822080  20030  3HE     0- 60 MeV ;    1MeV-steps
  0.2081E-03  0.2542E-03  0.3057E-03  0.3542E-03  0.4000E-03  0.4434E-03
  0.4848E-03  0.5244E-03  0.5625E-03  0.5992E-03  0.6348E-03  0.6693E-03
  0.7029E-03  0.7358E-03  0.7680E-03  0.7996E-03  0.8306E-03  0.8612E-03
  0.8914E-03  0.9211E-03  0.9506E-03  0.9797E-03  0.1008E-02  0.1037E-02
  0.1065E-02  0.1093E-02  0.1121E-02  0.1148E-02  0.1176E-02  0.1203E-02
  0.1229E-02  0.1256E-02  0.1282E-02  0.1308E-02  0.1334E-02  0.1360E-02
  0.1386E-02  0.1411E-02  0.1436E-02  0.1461E-02  0.1486E-02  0.1511E-02
  0.1535E-02  0.1560E-02  0.1584E-02  0.1608E-02  0.1632E-02  0.1656E-02
  0.1680E-02  0.1704E-02  0.1728E-02  0.1752E-02  0.1775E-02  0.1799E-02
  0.1822E-02  0.1845E-02  0.1868E-02  0.1891E-02  0.1914E-02  0.1937E-02
 832090  20030  3HE     0- 60 MeV ;    1MeV-steps
  0.2323E-03  0.2904E-03  0.3543E-03  0.4135E-03  0.4687E-03  0.5206E-03
  0.5696E-03  0.6162E-03  0.6609E-03  0.7039E-03  0.7455E-03  0.7859E-03
  0.8253E-03  0.8638E-03  0.9015E-03  0.9386E-03  0.9751E-03  0.1011E-02
  0.1046E-02  0.1081E-02  0.1116E-02  0.1150E-02  0.1184E-02  0.1217E-02
  0.1250E-02  0.1282E-02  0.1314E-02  0.1346E-02  0.1378E-02  0.1409E-02
  0.1440E-02  0.1470E-02  0.1501E-02  0.1531E-02  0.1561E-02  0.1591E-02
  0.1621E-02  0.1651E-02  0.1680E-02  0.1710E-02  0.1739E-02  0.1768E-02
  0.1797E-02  0.1826E-02  0.1855E-02  0.1884E-02  0.1912E-02  0.1940E-02
  0.1968E-02  0.1996E-02  0.2023E-02  0.2050E-02  0.2077E-02  0.2104E-02
  0.2130E-02  0.2156E-02  0.2182E-02  0.2208E-02  0.2234E-02  0.2261E-02
 842090  20030  3HE     0- 60 MeV ;    1MeV-steps
  0.2451E-03  0.3189E-03  0.3827E-03  0.4423E-03  0.4985E-03  0.5514E-03
  0.6017E-03  0.6497E-03  0.6956E-03  0.7398E-03  0.7825E-03  0.8239E-03
  0.8642E-03  0.9037E-03  0.9423E-03  0.9803E-03  0.1018E-02  0.1055E-02
  0.1091E-02  0.1127E-02  0.1163E-02  0.1198E-02  0.1233E-02  0.1268E-02
  0.1302E-02  0.1336E-02  0.1370E-02  0.1404E-02  0.1437E-02  0.1470E-02
  0.1503E-02  0.1535E-02  0.1567E-02  0.1599E-02  0.1630E-02  0.1661E-02
  0.1692E-02  0.1723E-02  0.1753E-02  0.1783E-02  0.1813E-02  0.1843E-02
  0.1872E-02  0.1902E-02  0.1931E-02  0.1960E-02  0.1990E-02  0.2019E-02
  0.2048E-02  0.2077E-02  0.2107E-02  0.2136E-02  0.2165E-02  0.2194E-02
  0.2223E-02  0.2252E-02  0.2281E-02  0.2309E-02  0.2337E-02  0.2365E-02
 852100  20030  3HE     0- 60 MeV ;    1MeV-steps
  0.4730E-03  0.5670E-03  0.6708E-03  0.7747E-03  0.8774E-03  0.9780E-03
  0.1076E-02  0.1170E-02  0.1261E-02  0.1349E-02  0.1433E-02  0.1514E-02
  0.1591E-02  0.1666E-02  0.1738E-02  0.1808E-02  0.1876E-02  0.1943E-02
  0.2008E-02  0.2072E-02  0.2136E-02  0.2199E-02  0.2262E-02  0.2325E-02
  0.2387E-02  0.2450E-02  0.2512E-02  0.2574E-02  0.2637E-02  0.2699E-02
  0.2760E-02  0.2822E-02  0.2882E-02  0.2943E-02  0.3002E-02  0.3061E-02
  0.3118E-02  0.3175E-02  0.3231E-02  0.3285E-02  0.3339E-02  0.3392E-02
  0.3444E-02  0.3495E-02  0.3546E-02  0.3597E-02  0.3647E-02  0.3698E-02
  0.3749E-02  0.3801E-02  0.3854E-02  0.3909E-02  0.3964E-02  0.4021E-02
  0.4080E-02  0.4140E-02  0.4202E-02  0.4264E-02  0.4327E-02  0.4389E-02
 862220  20030  3HE     0- 60 MeV ;    1MeV-steps
  0.4739E-03  0.5927E-03  0.6806E-03  0.7781E-03  0.8810E-03  0.9860E-03
  0.1091E-02  0.1193E-02  0.1293E-02  0.1388E-02  0.1478E-02  0.1564E-02
  0.1645E-02  0.1722E-02  0.1796E-02  0.1866E-02  0.1934E-02  0.2000E-02
  0.2065E-02  0.2129E-02  0.2192E-02  0.2256E-02  0.2320E-02  0.2385E-02
  0.2451E-02  0.2518E-02  0.2585E-02  0.2653E-02  0.2722E-02  0.2792E-02
  0.2861E-02  0.2930E-02  0.2998E-02  0.3065E-02  0.3131E-02  0.3195E-02
  0.3257E-02  0.3317E-02  0.3374E-02  0.3429E-02  0.3481E-02  0.3531E-02
  0.3579E-02  0.3625E-02  0.3669E-02  0.3711E-02  0.3756E-02  0.3797E-02
  0.3842E-02  0.3888E-02  0.3935E-02  0.3987E-02  0.4042E-02  0.4102E-02
  0.4165E-02  0.4233E-02  0.4309E-02  0.4386E-02  0.4468E-02  0.4551E-02
 872230  20030  3HE     0- 60 MeV ;    1MeV-steps
  0.4344E-03  0.5586E-03  0.6995E-03  0.8257E-03  0.9400E-03  0.1045E-02
  0.1142E-02  0.1233E-02  0.1320E-02  0.1403E-02  0.1484E-02  0.1563E-02
  0.1640E-02  0.1716E-02  0.1791E-02  0.1866E-02  0.1939E-02  0.2012E-02
  0.2084E-02  0.2155E-02  0.2225E-02  0.2294E-02  0.2363E-02  0.2430E-02
  0.2496E-02  0.2561E-02  0.2624E-02  0.2687E-02  0.2749E-02  0.2809E-02
  0.2869E-02  0.2928E-02  0.2987E-02  0.3045E-02  0.3103E-02  0.3160E-02
  0.3218E-02  0.3276E-02  0.3333E-02  0.3392E-02  0.3450E-02  0.3509E-02
  0.3569E-02  0.3629E-02  0.3689E-02  0.3750E-02  0.3811E-02  0.3872E-02
  0.3933E-02  0.3994E-02  0.4054E-02  0.4113E-02  0.4173E-02  0.4230E-02
  0.4286E-02  0.4341E-02  0.4395E-02  0.4446E-02  0.4497E-02  0.4545E-02
 882260  20030  3HE     0- 60 MeV ;    1MeV-steps
  0.3969E-03  0.5312E-03  0.6877E-03  0.8230E-03  0.9419E-03  0.1048E-02
  0.1145E-02  0.1235E-02  0.1320E-02  0.1402E-02  0.1482E-02  0.1560E-02
  0.1637E-02  0.1714E-02  0.1790E-02  0.1866E-02  0.1942E-02  0.2016E-02
  0.2090E-02  0.2163E-02  0.2234E-02  0.2304E-02  0.2373E-02  0.2440E-02
  0.2505E-02  0.2569E-02  0.2631E-02  0.2692E-02  0.2751E-02  0.2810E-02
  0.2868E-02  0.2925E-02  0.2982E-02  0.3039E-02  0.3096E-02  0.3154E-02
  0.3213E-02  0.3272E-02  0.3333E-02  0.3394E-02  0.3457E-02  0.3521E-02
  0.3586E-02  0.3653E-02  0.3719E-02  0.3784E-02  0.3851E-02  0.3917E-02
  0.3980E-02  0.4043E-02  0.4103E-02  0.4161E-02  0.4214E-02  0.4266E-02
  0.4311E-02  0.4353E-02  0.4391E-02  0.4426E-02  0.4457E-02  0.4484E-02
 892270  20030  3HE     0- 60 MeV ;    1MeV-steps
  0.2025E-03  0.2674E-03  0.3377E-03  0.4015E-03  0.4598E-03  0.5137E-03
  0.5639E-03  0.6111E-03  0.6558E-03  0.6986E-03  0.7397E-03  0.7795E-03
  0.8182E-03  0.8561E-03  0.8932E-03  0.9297E-03  0.9657E-03  0.1001E-02
  0.1036E-02  0.1071E-02  0.1105E-02  0.1139E-02  0.1172E-02  0.1205E-02
  0.1238E-02  0.1270E-02  0.1302E-02  0.1334E-02  0.1365E-02  0.1396E-02
  0.1427E-02  0.1457E-02  0.1488E-02  0.1517E-02  0.1547E-02  0.1577E-02
  0.1606E-02  0.1636E-02  0.1665E-02  0.1694E-02  0.1723E-02  0.1752E-02
  0.1781E-02  0.1810E-02  0.1838E-02  0.1867E-02  0.1895E-02  0.1923E-02
  0.1951E-02  0.1978E-02  0.2005E-02  0.2032E-02  0.2058E-02  0.2084E-02
  0.2110E-02  0.2136E-02  0.2161E-02  0.2187E-02  0.2213E-02  0.2239E-02
 902320  20030  3HE     0- 60 MeV ;    1MeV-steps
  0.1890E-03  0.2444E-03  0.3014E-03  0.3541E-03  0.4031E-03  0.4489E-03
  0.4920E-03  0.5328E-03  0.5716E-03  0.6088E-03  0.6447E-03  0.6794E-03
  0.7131E-03  0.7461E-03  0.7783E-03  0.8099E-03  0.8411E-03  0.8718E-03
  0.9021E-03  0.9321E-03  0.9617E-03  0.9911E-03  0.1020E-02  0.1049E-02
  0.1077E-02  0.1106E-02  0.1134E-02  0.1161E-02  0.1189E-02  0.1216E-02
  0.1243E-02  0.1270E-02  0.1296E-02  0.1322E-02  0.1348E-02  0.1374E-02
  0.1400E-02  0.1425E-02  0.1450E-02  0.1475E-02  0.1500E-02  0.1525E-02
  0.1550E-02  0.1574E-02  0.1599E-02  0.1623E-02  0.1648E-02  0.1672E-02
  0.1696E-02  0.1720E-02  0.1744E-02  0.1768E-02  0.1792E-02  0.1815E-02
  0.1839E-02  0.1862E-02  0.1885E-02  0.1908E-02  0.1931E-02  0.1954E-02
 912310  20030  3HE     0- 60 MeV ;    1MeV-steps
  0.1434E-03  0.1869E-03  0.2308E-03  0.2713E-03  0.3088E-03  0.3437E-03
  0.3766E-03  0.4075E-03  0.4370E-03  0.4652E-03  0.4923E-03  0.5185E-03
  0.5440E-03  0.5689E-03  0.5932E-03  0.6171E-03  0.6406E-03  0.6639E-03
  0.6868E-03  0.7094E-03  0.7318E-03  0.7540E-03  0.7760E-03  0.7978E-03
  0.8194E-03  0.8407E-03  0.8619E-03  0.8829E-03  0.9036E-03  0.9242E-03
  0.9445E-03  0.9647E-03  0.9847E-03  0.1005E-02  0.1024E-02  0.1044E-02
  0.1063E-02  0.1082E-02  0.1101E-02  0.1120E-02  0.1139E-02  0.1158E-02
  0.1177E-02  0.1195E-02  0.1214E-02  0.1232E-02  0.1250E-02  0.1269E-02
  0.1287E-02  0.1305E-02  0.1323E-02  0.1341E-02  0.1359E-02  0.1377E-02
  0.1395E-02  0.1413E-02  0.1430E-02  0.1447E-02  0.1465E-02  0.1482E-02
 922380  20030  3HE     0- 60 MeV ;    1MeV-steps
  0.1237E-03  0.1588E-03  0.1925E-03  0.2240E-03  0.2534E-03  0.2812E-03
  0.3074E-03  0.3325E-03  0.3564E-03  0.3795E-03  0.4018E-03  0.4234E-03
  0.4445E-03  0.4651E-03  0.4853E-03  0.5051E-03  0.5246E-03  0.5439E-03
  0.5629E-03  0.5816E-03  0.6001E-03  0.6185E-03  0.6366E-03  0.6546E-03
  0.6723E-03  0.6899E-03  0.7073E-03  0.7246E-03  0.7416E-03  0.7585E-03
  0.7753E-03  0.7919E-03  0.8083E-03  0.8246E-03  0.8408E-03  0.8568E-03
  0.8727E-03  0.8885E-03  0.9042E-03  0.9198E-03  0.9353E-03  0.9508E-03
  0.9661E-03  0.9814E-03  0.9966E-03  0.1012E-02  0.1027E-02  0.1042E-02
  0.1057E-02  0.1072E-02  0.1087E-02  0.1101E-02  0.1116E-02  0.1131E-02
  0.1145E-02  0.1160E-02  0.1174E-02  0.1188E-02  0.1203E-02  0.1217E-02
 932370  20030  3HE     0- 60 MeV ;    1MeV-steps
  0.9590E-04  0.1310E-03  0.1648E-03  0.1962E-03  0.2256E-03  0.2534E-03
  0.2797E-03  0.3047E-03  0.3287E-03  0.3517E-03  0.3740E-03  0.3957E-03
  0.4167E-03  0.4373E-03  0.4575E-03  0.4774E-03  0.4969E-03  0.5161E-03
  0.5351E-03  0.5538E-03  0.5724E-03  0.5907E-03  0.6088E-03  0.6268E-03
  0.6446E-03  0.6621E-03  0.6796E-03  0.6968E-03  0.7139E-03  0.7308E-03
  0.7475E-03  0.7641E-03  0.7806E-03  0.7969E-03  0.8130E-03  0.8290E-03
  0.8450E-03  0.8608E-03  0.8765E-03  0.8921E-03  0.9076E-03  0.9230E-03
  0.9383E-03  0.9536E-03  0.9689E-03  0.9840E-03  0.9991E-03  0.1014E-02
  0.1029E-02  0.1044E-02  0.1059E-02  0.1074E-02  0.1088E-02  0.1103E-02
  0.1118E-02  0.1132E-02  0.1146E-02  0.1161E-02  0.1175E-02  0.1189E-02
 942440  20030  3HE     0- 60 MeV ;    1MeV-steps
  0.1079E-03  0.1430E-03  0.1768E-03  0.2082E-03  0.2376E-03  0.2654E-03
  0.2917E-03  0.3167E-03  0.3407E-03  0.3637E-03  0.3860E-03  0.4077E-03
  0.4287E-03  0.4493E-03  0.4695E-03  0.4894E-03  0.5089E-03  0.5281E-03
  0.5471E-03  0.5658E-03  0.5844E-03  0.6027E-03  0.6208E-03  0.6388E-03
  0.6566E-03  0.6741E-03  0.6916E-03  0.7088E-03  0.7259E-03  0.7428E-03
  0.7595E-03  0.7761E-03  0.7926E-03  0.8089E-03  0.8250E-03  0.8410E-03
  0.8570E-03  0.8728E-03  0.8885E-03  0.9040E-03  0.9195E-03  0.9350E-03
  0.9503E-03  0.9656E-03  0.9809E-03  0.9960E-03  0.1011E-02  0.1026E-02
  0.1041E-02  0.1056E-02  0.1071E-02  0.1086E-02  0.1100E-02  0.1115E-02
  0.1130E-02  0.1144E-02  0.1158E-02  0.1173E-02  0.1187E-02  0.1201E-02
 952430  20030  3HE     0- 60 MeV ;    1MeV-steps
  0.2995E-03  0.3346E-03  0.3684E-03  0.3998E-03  0.4293E-03  0.4570E-03
  0.4833E-03  0.5083E-03  0.5323E-03  0.5553E-03  0.5776E-03  0.5993E-03
  0.6204E-03  0.6410E-03  0.6611E-03  0.6810E-03  0.7005E-03  0.7197E-03
  0.7387E-03  0.7575E-03  0.7760E-03  0.7943E-03  0.8125E-03  0.8304E-03
  0.8482E-03  0.8658E-03  0.8832E-03  0.9004E-03  0.9175E-03  0.9344E-03
  0.9511E-03  0.9677E-03  0.9842E-03  0.1000E-02  0.1017E-02  0.1033E-02
  0.1049E-02  0.1064E-02  0.1080E-02  0.1096E-02  0.1111E-02  0.1127E-02
  0.1142E-02  0.1157E-02  0.1172E-02  0.1188E-02  0.1203E-02  0.1218E-02
  0.1233E-02  0.1248E-02  0.1262E-02  0.1277E-02  0.1292E-02  0.1307E-02
  0.1321E-02  0.1336E-02  0.1350E-02  0.1364E-02  0.1379E-02  0.1392E-02
 962470  20030  3HE     0- 60 MeV ;    1MeV-steps
  0.3170E-03  0.3521E-03  0.3858E-03  0.4173E-03  0.4467E-03  0.4745E-03
  0.5008E-03  0.5258E-03  0.5498E-03  0.5728E-03  0.5951E-03  0.6168E-03
  0.6378E-03  0.6584E-03  0.6786E-03  0.6985E-03  0.7180E-03  0.7372E-03
  0.7562E-03  0.7749E-03  0.7935E-03  0.8118E-03  0.8299E-03  0.8479E-03
  0.8656E-03  0.8832E-03  0.9006E-03  0.9179E-03  0.9350E-03  0.9519E-03
  0.9686E-03  0.9852E-03  0.1002E-02  0.1018E-02  0.1034E-02  0.1050E-02
  0.1066E-02  0.1082E-02  0.1098E-02  0.1113E-02  0.1129E-02  0.1144E-02
  0.1159E-02  0.1175E-02  0.1190E-02  0.1205E-02  0.1220E-02  0.1235E-02
  0.1250E-02  0.1265E-02  0.1280E-02  0.1295E-02  0.1309E-02  0.1324E-02
  0.1339E-02  0.1353E-02  0.1367E-02  0.1382E-02  0.1396E-02  0.1410E-02
