 6.97424e+13  3.88579e+12  1.16576e+12  1.27035e+12  1.50930e+12  1.48287e+12
 1.32300e+12  1.42420e+12  1.40458e+12  1.33347e+12  1.38459e+12  1.52288e+12
 1.73406e+12  1.99770e+12  2.27043e+12  2.70521e+12  3.14045e+12  3.65927e+12
 4.45827e+12  4.53259e+12  5.03194e+12  5.69346e+12  5.76161e+12  6.57652e+12
 6.36472e+12  7.73525e+12  6.39962e+12  7.16206e+12  7.28434e+12  7.12644e+12
 8.48296e+12  8.66152e+12  7.40259e+12  6.44070e+12  5.78867e+12  4.37041e+12
 5.62389e+12  5.78630e+12  5.67945e+12  3.95299e+12  4.49484e+12  3.95773e+12
 3.77751e+12  3.15090e+12  3.69916e+12  3.33230e+12  3.01460e+12  3.67138e+12
 3.06565e+12  6.20848e+12  7.02505e+12  5.20028e+12  5.39238e+12  4.26428e+12
 6.09545e+12  4.79710e+12  4.28327e+12  4.20515e+12  3.83640e+12  3.33539e+12
 3.98552e+12  3.94278e+12  3.96225e+12  3.81978e+12  3.67256e+12  3.54197e+12
 3.49044e+12  3.05259e+12  3.20242e+12  3.19744e+12  3.14282e+12  3.08227e+12
 3.04191e+12  2.97922e+12  2.91060e+12  2.77668e+12  2.77122e+12  2.68812e+12
 2.60240e+12  2.51929e+12  2.32269e+12  2.29885e+12  2.22453e+12  2.13684e+12
 2.04478e+12  1.94669e+12  1.85511e+12  1.76191e+12  1.66865e+12  1.57616e+12
 1.48491e+12  1.39530e+12  1.30754e+12  1.22184e+12  1.13712e+12  1.05540e+12
 9.76588e+11  9.00249e+11  8.25430e+11  7.09818e+12
 1.00
 EEF FW NORM. 1MW/M2 GAM-II TOT=4.277E+14
