  1.2498E-01  2.4998E-02  2.5001E-02  5.0001E-02  5.0002E-02  2.4998E-02
  2.4997E-02  2.5002E-02  2.4999E-02  4.9997E-02  2.5006E-02  2.5000E-02
  5.0001E-02  4.9997E-02  5.0000E-02  4.9999E-02  5.0000E-02  5.0000E-02
  5.0000E-02  5.0000E-02  4.9999E-02  5.0001E-02  5.0000E-02  4.9999E-02
  1.6667E-02  3.3334E-02  4.9999E-02  5.0001E-02  5.0000E-02  5.0000E-02
  5.0001E-02  4.9998E-02  5.0001E-02  1.0000E-01  1.0000E-01  9.9999E-02
  4.9999E-02  5.0000E-02  5.0001E-02  4.9998E-02  5.0002E-02  4.9998E-02
  3.3333E-02  8.3359E-03  8.3324E-03  1.6665E-02  3.3334E-02  4.9999E-02
  4.9999E-02  5.0001E-02  4.9997E-02  5.0005E-02  4.9998E-02  5.0001E-02
  4.9995E-02  5.0008E-02  5.0000E-02  4.9994E-02  5.0005E-02  5.0000E-02
  5.0002E-02  9.9996E-02  4.1668E-02  5.8333E-02  5.0000E-02  5.0000E-02
  5.0000E-02  5.0000E-02  5.0000E-02  5.0000E-02  4.9998E-02  5.0000E-02
  5.0001E-02  5.0001E-02  4.9999E-02  4.9999E-02  1.0000E-01  9.9999E-02
  5.0001E-02  4.9998E-02  1.0000E-01  1.0000E-01  1.1601E-02  4.2977E-03
  9.1028E-03  2.5001E-02  4.9998E-02  1.0000E-01  5.0002E-02  4.9997E-02
  5.0000E-02  5.0002E-02  4.9996E-02  5.0006E-02  4.9994E-02  4.9999E-02
  5.0001E-02  5.0002E-02  5.0003E-02  4.9997E-02  5.0000E-02  5.0001E-02
  4.9997E-02  5.0001E-02  1.2500E-01  1.2500E-01  4.7502E-02  3.7099E-02
  9.8734E-02  6.6666E-02  1.7500E-01  7.5000E-02  1.2500E-01  1.2500E-01
  1.7500E-01  7.4999E-02  1.1040E-01  5.4103E-02  3.5501E-02  5.0001E-02
  2.5000E-02  2.4999E-02  7.5002E-02  1.2500E-01  2.5000E-01  2.5000E-01
  9.9995E-02  1.5001E-01  2.5000E-01  2.5000E-01  2.5000E-01  1.5000E-01
  1.0000E-01  1.0000E-01  9.9998E-02  4.9999E-02  5.0001E-02  1.0000E-01
  1.0000E-01  2.5000E-01  2.4999E-01  2.5000E-01  2.5000E-01  2.5000E-01
  2.5000E-01  2.5000E-01  2.5000E-01  2.5000E-01  2.5000E-01  2.4999E-01
  2.5000E-01  2.5000E-01  2.5000E-01  2.5000E-01  2.5000E-01  2.5000E-01
  2.5000E-01  2.5000E-01  2.5000E-01  2.5000E-01  2.5000E-01  2.5000E-01
  2.5000E-01  2.5000E-01  2.5000E-01  2.5000E-01  2.5000E-01  2.5000E-01
  2.5000E-01  2.5000E-01  2.5000E-01  2.5000E-01  2.5000E-01  1.4207E+00
  9.2103E+00
 1.000
Spectrum for            1           1           1  written                                          
