  1.9640000E+07  1.0000000E+07   9817120.       9637580.       9461320.    
   9288290.       9118430.       8951660.       8787950.       8627240.    
   8469460.       8314570.       8162510.       8013230.       7866680.    
   7722810.       7581580.       7442920.       7306800.       7173170.    
   7041990.       6913200.       6786770.       6662650.       6540810.    
   6421190.       6303750.       6188470.       6075290.       5964180.    
   5855110.       5748030.       5642910.       5539710.       5438400.    
   5338940.       5241300.       5145440.       5051340.       4958960.    
   4868270.       4779240.       4691830.       4606030.       4521790.    
   4439100.       4357910.       4278210.       4199970.       4123160.    
   4047760.       3973730.       3901060.       3829710.       3759670.    
   3690920.       3623420.       3557150.       3492100.       3428230.    
   3365530.       3303990.       3243560.       3184240.       3126010.    
   3068840.       3012710.       2957620.       2903530.       2850430.    
   2798300.       2747120.       2696880.       2647560.       2599140.    
   2551610.       2504940.       2459130.       2414160.       2370010.    
   2326660.       2284110.       2242340.       2201330.       2161070.    
   2121550.       2082750.       2044660.       2007270.       1970560.    
   1934520.       1899140.       1864410.       1830310.       1796840.    
   1763980.       1731720.       1700050.       1668960.       1638430.    
   1608470.       1579050.       1550180.       1521830.       1493990.    
   1466670.       1439850.       1413520.       1387660.       1362290.    
   1337370.       1312910.       1288900.       1265330.       1242190.    
   1219470.       1197170.       1175280.       1153780.       1132680.    
   1111970.       1091630.       1071670.       1052070.       1032830.    
   1013940.       995396.0       977192.0       959321.0       941777.0    
   924553.0       907645.0       891045.0       874750.0       858752.0    
   843047.0       827629.0       812493.0       797634.0       783047.0    
   768726.0       754667.0       740866.0       727317.0       714015.0    
   700957.0       688138.0       675553.0       663198.0       651069.0    
   639162.0       627473.0       615998.0       604732.0       593673.0    
   582815.0       572157.0       561693.0       551421.0       541336.0    
   531436.0       521717.0       512176.0       502809.0       493613.0    
   484586.0       475724.0       467023.0       458482.0       450098.0    
   441866.0       433785.0       425852.0       418064.0       410418.0    
   402912.0       395544.0       388310.0       381208.0       374237.0    
   367392.0       360673.0       354077.0       347602.0       341245.0    
   335004.0       328877.0       322863.0       316958.0       311162.0    
   305471.0       299884.0       294400.0       289016.0       283730.0    
   278541.0       273447.0       268446.0       263537.0       258717.0    
   253986.0       249341.0       244781.0       240304.0       235910.0    
   231595.0       227360.0       223202.0       219120.0       215112.0    
   211178.0       207316.0       203525.0       199803.0       196149.0    
   192561.0       189040.0       185583.0       182189.0       178857.0    
   175586.0       172374.0       169222.0       166127.0       163089.0    
   160106.0       157178.0       154304.0       151482.0       148712.0    
   145992.0       143322.0       140701.0       138128.0       135602.0    
   133122.0       130687.0       128297.0       125951.0       123647.0    
   121386.0       119166.0       116987.0       114847.0       112747.0    
   110685.0       108661.0       106673.0       104723.0       102807.0    
   100927.0       99081.40       97269.30       95490.41       93744.10    
   92029.70       90346.59       88694.30       87072.20       85479.80    
   83916.59       82381.90       80875.20       79396.20       77944.20    
   76518.70       75119.30       73745.50       72396.80       71072.80    
   69773.00       68497.00       67244.30       66014.50       64807.20    
   63622.00       62458.40       61316.20       60194.80       59094.00    
   58013.20       56952.30       55910.70       54888.20       53884.40    
   52898.90       51931.50       50981.80       50049.40       49134.10    
   48235.50       47353.30       46487.30       45637.20       44802.50    
   43983.20       43178.80       42389.10       41613.90       40852.90    
   40105.70       39372.30       38652.20       37945.30       37251.40    
   36570.10       35901.30       35244.70       34600.20       33967.40    
   33346.20       32736.30       32137.60       31549.90       30972.90    
   30406.50       29850.40       29304.50       28768.50       28242.40    
   27725.90       27218.80       26721.10       26232.40       25752.60    
   25281.70       24819.30       24365.40       23919.80       23482.30    
   23052.90       22631.30       22217.40       21811.10       21412.20    
   21020.60       20636.20       20258.80       19888.30       19524.60    
   19167.50       18816.90       18472.80       18135.00       17803.30    
   17477.70       17158.10       16844.30       16536.20       16233.80    
   15936.90       15645.50       15359.30       15078.50       14802.70    
   14532.00       14266.20       14005.30       13749.20       13497.70    
   13250.90       13008.50       12770.60       12537.10       12307.80    
   12082.70       11861.70       11644.80       11431.80       11222.80    
   11017.50       10816.00       10618.20       10424.00       10233.40    
   10046.30       9862.520       9682.149       9505.080       9331.250    
   9160.600       8993.069       8828.600       8667.141       8508.630    
   8353.021       8200.260       8050.290       7903.070       7758.530    
   7616.640       7477.350       7340.600       7206.350       7074.560    
   6945.180       6818.160       6693.470       6571.060       6450.880    
   6332.910       6217.090       6103.390       5991.770       5882.190    
   5774.620       5669.010       5565.330       5463.550       5363.630    
   5265.540       5169.240       5074.710       4981.900       4890.790    
   4801.340       4713.530       4627.330       4542.710       4459.630    
   4378.070       4298.000       4219.400       4142.230       4066.480    
   3992.110       3919.100       3847.430       3777.060       3707.990    
   3640.170       3573.600       3508.250       3444.090       3381.100    
   3319.270       3258.560       3198.970       3140.470       3083.030    
   3026.650       2971.300       2916.960       2863.610       2811.240    
   2759.830       2709.350       2659.800       2611.160       2563.410    
   2516.530       2470.500       2425.320       2380.970       2337.420    
   2294.680       2252.710       2211.510       2171.070       2131.360    
   2092.380       2054.120       2016.550       1979.670       1943.470    
   1907.920       1873.030       1838.780       1805.150       1772.140    
   1739.730       1707.910       1676.680       1646.010       1615.910    
   1586.360       1557.340       1528.860       1500.900       1473.450    
   1446.510       1420.050       1394.080       1368.590       1343.560    
   1318.990       1294.860       1271.180       1247.940       1225.110    
   1202.710       1180.710       1159.120       1137.920       1117.110    
   1096.680       1076.620       1056.930       1037.610       1018.630    
   1000.000       981.7120       963.7580       946.1320       928.8290    
   911.8430       895.1660       878.7950       862.7240       846.9460    
   831.4570       816.2510       801.3230       786.6680       772.2810    
   758.1580       744.2920       730.6800       717.3170       704.1990    
   691.3200       678.6770       666.2650       654.0810       642.1190    
   630.3750       618.8470       607.5290       596.4180       585.5110    
   574.8030       564.2910       553.9710       543.8400       533.8940    
   524.1300       514.5440       505.1340       495.8960       486.8270    
   477.9240       469.1830       460.6030       452.1790       443.9100    
   435.7910       427.8210       419.9970       412.3160       404.7760    
   397.3730       390.1060       382.9710       375.9670       369.0920    
   362.3420       355.7150       349.2100       342.8230       336.5530    
   330.3990       324.3560       318.4240       312.6010       306.8840    
   301.2710       295.7620       290.3530       285.0430       279.8300    
   274.7120       269.6880       264.7560       259.9140       255.1610    
   250.4940       245.9130       241.4160       237.0010       232.6660    
   228.4110       224.2340       220.1330       216.1070       212.1550    
   208.2750       204.4660       200.7270       197.0560       193.4520    
   189.9140       186.4410       183.0310       179.6840       176.3980    
   173.1720       170.0050       166.8960       163.8430       160.8470    
   157.9050       155.0180       152.1830       149.3990       146.6670    
   143.9850       141.3520       138.7660       136.2290       133.7370    
   131.2910       128.8900       126.5330       124.2190       121.9470    
   119.7170       117.5280       115.3780       113.2680       111.1970    
   109.1630       107.1670       105.2070       103.2830       101.3940    
   99.53960       97.71920       95.93210       94.17770       92.45530    
   90.76450       89.10450       87.47500       85.87521       84.30470    
   82.76289       81.24930       79.76340       78.30470       76.87260    
   75.46670       74.08660       72.73170       71.40150       70.09570    
   68.81380       67.55531       66.31980       65.10690       63.91620    
   62.74730       61.59980       60.47320       59.36730       58.28150    
   57.21570       56.16930       55.14210       54.13360       53.14360    
   52.17170       51.21760       50.28090       49.36130       48.45860    
   47.57240       46.70230       45.84820       45.00980       44.18660    
   43.37850       42.58520       41.80640       41.04180       40.29120    
   39.55440       38.83100       38.12080       37.42370       36.73920    
   36.06730       35.40770       34.76020       34.12450       33.50040    
   32.88770       32.28630       31.69580       31.11620       30.54710    
   29.98840       29.44000       28.90160       28.37300       27.85410    
   27.34470       26.84460       26.35370       25.87170       25.39860    
   24.93410       24.47810       24.03040       23.59100       23.15950    
   22.73600       22.32020       21.91200       21.51120       21.11780    
   20.73160       20.35250       19.98030       19.61490       19.25610    
   18.90400       18.55830       18.21890       17.88570       17.55860    
   17.23740       16.92220       16.61270       16.30890       16.01060    
   15.71780       15.43040       15.14820       14.87120       14.59920    
   14.33220       14.07010       13.81280       13.56020       13.31220    
   13.06870       12.82970       12.59510       12.36470       12.13860    
   11.91660       11.69870       11.48470       11.27470       11.06850    
   10.86610       10.66730       10.47230       10.28070       10.09270    
   9.908140       9.726931       9.549041       9.374411       9.202971    
   9.034660       8.869430       8.707220       8.547979       8.391661    
   8.238191       8.087520       7.939620       7.794420       7.651870    
   7.511930       7.374550       7.239680       7.107280       6.977300    
   6.849700       6.724430       6.601450       6.480720       6.362200    
   6.245840       6.131620       6.019480       5.909400       5.801320    
   5.695230       5.591070       5.488820       5.388440       5.289890    
   5.193150       5.098180       5.004940       4.913410       4.823550    
   4.735330       4.648730       4.563720       4.480250       4.398320    
   4.317880       4.238910       4.161390       4.085290       4.010570    
   3.937230       3.865220       3.794530       3.725140       3.657010    
   3.590130       3.524470       3.460020       3.396740       3.334620    
   3.273630       3.213760       3.154990       3.097290       3.040650    
   2.985040       2.930450       2.876850       2.824240       2.772590    
   2.721880       2.672110       2.623240       2.575260       2.528170    
   2.481930       2.436540       2.391980       2.348230       2.305290    
   2.263130       2.221740       2.181110       2.141220       2.102060    
   2.063620       2.025880       1.988830       1.952460       1.916750    
   1.881690       1.847280       1.813500       1.780330       1.747770    
   1.715810       1.684430       1.653620       1.623380       1.593690    
   1.564550       1.535930       1.507850       1.480270       1.453200    
   1.426620       1.400530       1.374920       1.349770       1.325090    
   1.300850       1.277060       1.253710       1.230780       1.208270    
   1.186170       1.164480       1.143180       1.122280       1.101750    
   1.081600       1.061820       1.042400       1.023340       1.004630    
  0.9862520      0.9682150      0.9505080      0.9331250      0.9160600    
  0.8993070      0.8828600      0.8667140      0.8508630      0.8353020    
  0.8200260      0.8050290      0.7903070      0.7758530      0.7616640    
  0.7477350      0.7340600      0.7206350      0.7074561      0.6945180    
  0.6818160      0.6693470      0.6571060      0.6450880      0.6332910    
  0.6217090      0.6103390      0.5991770      0.5882190      0.5774620    
  0.5669010      0.5565330      0.5463550      0.5363630      0.5265540    
  0.5169240      0.5074710      0.4981900      0.4890790      0.4801340    
  0.4713530      0.4627330      0.4542710      0.4459630      0.4378070    
  0.4298000      0.4219400      0.4142230      0.4066480      0.3992110    
  0.3919100      0.3847430      0.3777060      0.3707990      0.3640170    
  0.3573600      0.3508250      0.3444090      0.3381100      0.3319270    
  0.3258560      0.3198970      0.3140470      0.3083030      0.3026650    
  0.2971300      0.2916960      0.2863610      0.2811240      0.2759830    
  0.2709350      0.2659800      0.2611160      0.2563410      0.2516530    
  0.2470500      0.2425320      0.2380970      0.2337420      0.2294680    
  0.2252710      0.2211510      0.2171070      0.2131360      0.2092380    
  0.2054120      0.2016550      0.1979670      0.1943470      0.1907920    
  0.1873030      0.1838780      0.1805150      0.1772140      0.1739730    
  0.1707910      0.1676680      0.1646010      0.1615910      0.1586360    
  0.1557340      0.1528860      0.1500900      0.1473450      0.1446510    
  0.1420050      0.1394080      0.1368590      0.1343560      0.1318990    
  0.1294860      0.1271180      0.1247940      0.1225110      0.1202710    
  0.1180710      0.1159120      0.1137920      0.1117110      0.1096680    
  0.1076620      0.1056930      0.1037610      0.1018630      0.1000000    
  9.9999997E-06  0.0000000E+00
