 Mesh Tally Number        14
 This is a neutron mesh tally.

 Tally bin boundaries:
    X direction:     -5.00      5.00
    Y direction:     -5.00      5.00
    Z direction:     -5.00      5.00
    Energy bin boundaries: 0.00E+00 1.00E-07 2.00E+00 4.00E+00 6.00E+00 8.00E+00 1.00E+01 1.20E+01 1.40E+01 1.60E+01 1.80E+01 2.00E+01

   Energy         X         Y         Z     Result     Rel Error
  1.000E-07     0.000     0.000     0.000 0.00000E+00 0.00000E+00
  2.000E+00     0.000     0.000     0.000 6.12595E-04 3.02082E-03
  4.000E+00     0.000     0.000     0.000 6.11351E-04 3.02396E-03
  6.000E+00     0.000     0.000     0.000 6.14195E-04 3.01740E-03
  8.000E+00     0.000     0.000     0.000 6.09626E-04 3.02894E-03
  1.000E+01     0.000     0.000     0.000 6.08754E-04 3.03137E-03
  1.200E+01     0.000     0.000     0.000 6.06333E-04 3.03812E-03
  1.400E+01     0.000     0.000     0.000 6.09682E-04 3.02893E-03
  1.600E+01     0.000     0.000     0.000 6.12915E-04 3.01923E-03
  1.800E+01     0.000     0.000     0.000 6.08693E-04 3.03114E-03
  2.000E+01     0.000     0.000     0.000 6.12757E-04 3.02140E-03
   Total        0.000     0.000     0.000 6.10690E-03 1.25444E-04
