 Mesh Tally Number        14
 This is a neutron mesh tally.

 Tally bin boundaries:
    X direction:     -5.00      5.00
    Y direction:     -5.00      5.00
    Z direction:     -5.00      5.00
    Energy bin boundaries: 0.00E+00 1.00E-07 4.14E-07 5.32E-07 6.83E-07 8.76E-07 1.13E-06 1.44E-06 1.86E-06 2.38E-06 3.06E-06 3.93E-06 5.04E-06 6.48E-06 8.32E-06 1.07E-05 1.37E-05 1.76E-05 2.26E-05 2.90E-05 3.73E-05 4.79E-05 6.14E-05 7.89E-05 1.01E-04 1.30E-04 1.67E-04 2.14E-04 2.75E-04 3.54E-04 4.54E-04 5.83E-04 7.49E-04 9.61E-04 1.23E-03 1.58E-03 2.03E-03 2.25E-03 2.49E-03 2.61E-03 2.75E-03 3.04E-03 3.35E-03 3.71E-03 4.31E-03 5.53E-03 7.10E-03 9.12E-03 1.06E-02 1.17E-02 1.50E-02 1.93E-02 2.19E-02 2.36E-02 2.42E-02 2.48E-02 2.61E-02 2.70E-02 2.85E-02 3.18E-02 3.43E-02 4.09E-02 4.63E-02 5.25E-02 5.66E-02 6.74E-02 7.20E-02 7.95E-02 8.25E-02 8.65E-02 9.80E-02 1.11E-01 1.17E-01 1.23E-01 1.29E-01 1.36E-01 1.43E-01 1.50E-01 1.58E-01 1.66E-01 1.74E-01 1.83E-01 1.93E-01 2.02E-01 2.13E-01 2.24E-01 2.35E-01 2.47E-01 2.73E-01 2.87E-01 2.95E-01 2.97E-01 2.98E-01 3.02E-01 3.34E-01 3.69E-01 3.88E-01 4.08E-01 4.50E-01 4.98E-01 5.23E-01 5.50E-01 5.78E-01 6.08E-01 6.39E-01 6.72E-01 7.07E-01 7.43E-01 7.81E-01 8.21E-01 8.63E-01 9.07E-01 9.62E-01 1.00E+00 1.11E+00 1.16E+00 1.22E+00 1.29E+00 1.35E+00 1.42E+00 1.50E+00 1.57E+00 1.65E+00 1.74E+00 1.83E+00 1.92E+00 2.02E+00 2.12E+00 2.23E+00 2.31E+00 2.35E+00 2.37E+00 2.39E+00 2.47E+00 2.59E+00 2.73E+00 2.87E+00 3.01E+00 3.17E+00 3.33E+00 3.68E+00 4.07E+00 4.49E+00 4.72E+00 4.97E+00 5.22E+00 5.49E+00 5.77E+00 6.07E+00 6.38E+00 6.59E+00 6.70E+00 7.05E+00 7.41E+00 7.79E+00 8.19E+00 8.61E+00 9.05E+00 9.51E+00 1.00E+01 1.05E+01 1.11E+01 1.16E+01 1.22E+01 1.25E+01 1.28E+01 1.35E+01 1.38E+01 1.42E+01 1.45E+01 1.49E+01 1.57E+01 1.65E+01 1.69E+01 1.73E+01 1.96E+01

   Energy         X         Y         Z     Result     Rel Error
  1.000E-07     0.000     0.000     0.000 0.00000E+00 0.00000E+00
  4.140E-07     0.000     0.000     0.000 0.00000E+00 0.00000E+00
  5.316E-07     0.000     0.000     0.000 6.20405E-09 9.99999E-01
  6.826E-07     0.000     0.000     0.000 0.00000E+00 0.00000E+00
  8.764E-07     0.000     0.000     0.000 0.00000E+00 0.00000E+00
  1.125E-06     0.000     0.000     0.000 0.00000E+00 0.00000E+00
  1.445E-06     0.000     0.000     0.000 0.00000E+00 0.00000E+00
  1.855E-06     0.000     0.000     0.000 0.00000E+00 0.00000E+00
  2.382E-06     0.000     0.000     0.000 0.00000E+00 0.00000E+00
  3.059E-06     0.000     0.000     0.000 0.00000E+00 0.00000E+00
  3.928E-06     0.000     0.000     0.000 0.00000E+00 0.00000E+00
  5.043E-06     0.000     0.000     0.000 0.00000E+00 0.00000E+00
  6.476E-06     0.000     0.000     0.000 0.00000E+00 0.00000E+00
  8.315E-06     0.000     0.000     0.000 0.00000E+00 0.00000E+00
  1.068E-05     0.000     0.000     0.000 0.00000E+00 0.00000E+00
  1.371E-05     0.000     0.000     0.000 7.13195E-09 9.99999E-01
  1.760E-05     0.000     0.000     0.000 0.00000E+00 0.00000E+00
  2.260E-05     0.000     0.000     0.000 0.00000E+00 0.00000E+00
  2.902E-05     0.000     0.000     0.000 0.00000E+00 0.00000E+00
  3.727E-05     0.000     0.000     0.000 0.00000E+00 0.00000E+00
  4.785E-05     0.000     0.000     0.000 6.76639E-09 9.99999E-01
  6.144E-05     0.000     0.000     0.000 1.12964E-08 7.07754E-01
  7.889E-05     0.000     0.000     0.000 0.00000E+00 0.00000E+00
  1.013E-04     0.000     0.000     0.000 0.00000E+00 0.00000E+00
  1.301E-04     0.000     0.000     0.000 1.19202E-08 7.16116E-01
  1.670E-04     0.000     0.000     0.000 1.80958E-08 5.80620E-01
  2.145E-04     0.000     0.000     0.000 1.16311E-08 7.09467E-01
  2.754E-04     0.000     0.000     0.000 1.96334E-08 5.80268E-01
  3.536E-04     0.000     0.000     0.000 1.93619E-08 5.78405E-01
  4.540E-04     0.000     0.000     0.000 3.26523E-08 4.48266E-01
  5.829E-04     0.000     0.000     0.000 6.11062E-08 3.18145E-01
  7.485E-04     0.000     0.000     0.000 4.38791E-08 3.81219E-01
  9.611E-04     0.000     0.000     0.000 4.30132E-08 3.81311E-01
  1.234E-03     0.000     0.000     0.000 6.73391E-08 2.89998E-01
  1.585E-03     0.000     0.000     0.000 1.15166E-07 2.30563E-01
  2.035E-03     0.000     0.000     0.000 1.48189E-07 2.01282E-01
  2.249E-03     0.000     0.000     0.000 3.56176E-08 4.09594E-01
  2.485E-03     0.000     0.000     0.000 9.22314E-08 2.60449E-01
  2.613E-03     0.000     0.000     0.000 3.07018E-08 4.48136E-01
  2.747E-03     0.000     0.000     0.000 4.66440E-08 3.80328E-01
  3.035E-03     0.000     0.000     0.000 1.25720E-07 2.26657E-01
  3.355E-03     0.000     0.000     0.000 8.22816E-08 2.68944E-01
  3.707E-03     0.000     0.000     0.000 9.62626E-08 2.51969E-01
  4.307E-03     0.000     0.000     0.000 1.86797E-07 1.83817E-01
  5.531E-03     0.000     0.000     0.000 4.64276E-07 1.14811E-01
  7.102E-03     0.000     0.000     0.000 4.17808E-07 1.21166E-01
  9.119E-03     0.000     0.000     0.000 5.35750E-07 1.08786E-01
  1.059E-02     0.000     0.000     0.000 3.74457E-07 1.26898E-01
  1.171E-02     0.000     0.000     0.000 3.16364E-07 1.42563E-01
  1.503E-02     0.000     0.000     0.000 1.03086E-06 7.75778E-02
  1.930E-02     0.000     0.000     0.000 1.29821E-06 6.92416E-02
  2.187E-02     0.000     0.000     0.000 9.35774E-07 8.14546E-02
  2.358E-02     0.000     0.000     0.000 4.93751E-07 1.12156E-01
  2.418E-02     0.000     0.000     0.000 1.78308E-07 1.86523E-01
  2.479E-02     0.000     0.000     0.000 1.56304E-07 1.97193E-01
  2.606E-02     0.000     0.000     0.000 3.67517E-07 1.32674E-01
  2.700E-02     0.000     0.000     0.000 2.49222E-07 1.55470E-01
  2.850E-02     0.000     0.000     0.000 4.51559E-07 1.17110E-01
  3.183E-02     0.000     0.000     0.000 1.14675E-06 7.36458E-02
  3.431E-02     0.000     0.000     0.000 6.94317E-07 9.44827E-02
  4.087E-02     0.000     0.000     0.000 2.02149E-06 5.54275E-02
  4.631E-02     0.000     0.000     0.000 1.70652E-06 6.05600E-02
  5.248E-02     0.000     0.000     0.000 1.82688E-06 5.84875E-02
  5.656E-02     0.000     0.000     0.000 1.17257E-06 7.34868E-02
  6.738E-02     0.000     0.000     0.000 3.17722E-06 4.42005E-02
  7.202E-02     0.000     0.000     0.000 1.23007E-06 7.09794E-02
  7.950E-02     0.000     0.000     0.000 2.16310E-06 5.35857E-02
  8.250E-02     0.000     0.000     0.000 9.18428E-07 8.31893E-02
  8.652E-02     0.000     0.000     0.000 1.17224E-06 7.22960E-02
  9.804E-02     0.000     0.000     0.000 3.61794E-06 4.12588E-02
  1.111E-01     0.000     0.000     0.000 4.08921E-06 3.89884E-02
  1.168E-01     0.000     0.000     0.000 1.77263E-06 5.91501E-02
  1.228E-01     0.000     0.000     0.000 1.81840E-06 5.83704E-02
  1.291E-01     0.000     0.000     0.000 1.83837E-06 5.80623E-02
  1.357E-01     0.000     0.000     0.000 2.05487E-06 5.50515E-02
  1.426E-01     0.000     0.000     0.000 2.15206E-06 5.38925E-02
  1.500E-01     0.000     0.000     0.000 2.28088E-06 5.21537E-02
  1.576E-01     0.000     0.000     0.000 2.29573E-06 5.16094E-02
  1.657E-01     0.000     0.000     0.000 2.42468E-06 5.07272E-02
  1.742E-01     0.000     0.000     0.000 2.58695E-06 4.90800E-02
  1.832E-01     0.000     0.000     0.000 2.79029E-06 4.70222E-02
  1.925E-01     0.000     0.000     0.000 2.93376E-06 4.58335E-02
  2.024E-01     0.000     0.000     0.000 2.91555E-06 4.59687E-02
  2.128E-01     0.000     0.000     0.000 3.24956E-06 4.34992E-02
  2.237E-01     0.000     0.000     0.000 3.27666E-06 4.36356E-02
  2.352E-01     0.000     0.000     0.000 3.65436E-06 4.12287E-02
  2.472E-01     0.000     0.000     0.000 3.87464E-06 3.97089E-02
  2.732E-01     0.000     0.000     0.000 7.91389E-06 2.80061E-02
  2.872E-01     0.000     0.000     0.000 4.20534E-06 3.83748E-02
  2.945E-01     0.000     0.000     0.000 2.18005E-06 5.31051E-02
  2.972E-01     0.000     0.000     0.000 7.37818E-07 9.19812E-02
  2.985E-01     0.000     0.000     0.000 3.90169E-07 1.25870E-01
  3.020E-01     0.000     0.000     0.000 1.07457E-06 7.57403E-02
  3.337E-01     0.000     0.000     0.000 9.57088E-06 2.54200E-02
  3.688E-01     0.000     0.000     0.000 1.11535E-05 2.35630E-02
  3.877E-01     0.000     0.000     0.000 5.61802E-06 3.31785E-02
  4.076E-01     0.000     0.000     0.000 5.98827E-06 3.20505E-02
  4.505E-01     0.000     0.000     0.000 1.35854E-05 2.14060E-02
  4.979E-01     0.000     0.000     0.000 1.42435E-05 2.08178E-02
  5.234E-01     0.000     0.000     0.000 7.37925E-06 2.89847E-02
  5.502E-01     0.000     0.000     0.000 8.23099E-06 2.73620E-02
  5.784E-01     0.000     0.000     0.000 8.93693E-06 2.63496E-02
  6.081E-01     0.000     0.000     0.000 8.87418E-06 2.63906E-02
  6.393E-01     0.000     0.000     0.000 9.28941E-06 2.58150E-02
  6.721E-01     0.000     0.000     0.000 1.02351E-05 2.45822E-02
  7.065E-01     0.000     0.000     0.000 1.07113E-05 2.40265E-02
  7.427E-01     0.000     0.000     0.000 1.09658E-05 2.37607E-02
  7.808E-01     0.000     0.000     0.000 1.16957E-05 2.29663E-02
  8.208E-01     0.000     0.000     0.000 1.27273E-05 2.20226E-02
  8.629E-01     0.000     0.000     0.000 1.30377E-05 2.18559E-02
  9.072E-01     0.000     0.000     0.000 1.33293E-05 2.15453E-02
  9.617E-01     0.000     0.000     0.000 1.66352E-05 1.92697E-02
  1.003E+00     0.000     0.000     0.000 1.26479E-05 2.21350E-02
  1.108E+00     0.000     0.000     0.000 3.20139E-05 1.38746E-02
  1.165E+00     0.000     0.000     0.000 1.66730E-05 1.91992E-02
  1.225E+00     0.000     0.000     0.000 1.84344E-05 1.83349E-02
  1.287E+00     0.000     0.000     0.000 1.92319E-05 1.79637E-02
  1.353E+00     0.000     0.000     0.000 2.07745E-05 1.72558E-02
  1.423E+00     0.000     0.000     0.000 2.12768E-05 1.70481E-02
  1.496E+00     0.000     0.000     0.000 2.18716E-05 1.67944E-02
  1.572E+00     0.000     0.000     0.000 2.38723E-05 1.61195E-02
  1.653E+00     0.000     0.000     0.000 2.43006E-05 1.59669E-02
  1.738E+00     0.000     0.000     0.000 2.57331E-05 1.55038E-02
  1.827E+00     0.000     0.000     0.000 2.77681E-05 1.49180E-02
  1.921E+00     0.000     0.000     0.000 2.93024E-05 1.45071E-02
  2.019E+00     0.000     0.000     0.000 3.05372E-05 1.42230E-02
  2.122E+00     0.000     0.000     0.000 3.19918E-05 1.39007E-02
  2.231E+00     0.000     0.000     0.000 3.26053E-05 1.37627E-02
  2.307E+00     0.000     0.000     0.000 2.28810E-05 1.64315E-02
  2.346E+00     0.000     0.000     0.000 1.14185E-05 2.32597E-02
  2.365E+00     0.000     0.000     0.000 6.12195E-06 3.18701E-02
  2.385E+00     0.000     0.000     0.000 6.20955E-06 3.16444E-02
  2.466E+00     0.000     0.000     0.000 2.54227E-05 1.56105E-02
  2.592E+00     0.000     0.000     0.000 3.75531E-05 1.28179E-02
  2.725E+00     0.000     0.000     0.000 3.99018E-05 1.24270E-02
  2.865E+00     0.000     0.000     0.000 4.31067E-05 1.19696E-02
  3.012E+00     0.000     0.000     0.000 4.45955E-05 1.17553E-02
  3.166E+00     0.000     0.000     0.000 4.68922E-05 1.14491E-02
  3.329E+00     0.000     0.000     0.000 5.02106E-05 1.10590E-02
  3.679E+00     0.000     0.000     0.000 1.07577E-04 7.52760E-03
  4.066E+00     0.000     0.000     0.000 1.19106E-04 7.13790E-03
  4.493E+00     0.000     0.000     0.000 1.30966E-04 6.81088E-03
  4.724E+00     0.000     0.000     0.000 7.05137E-05 9.32378E-03
  4.966E+00     0.000     0.000     0.000 7.46011E-05 9.07287E-03
  5.220E+00     0.000     0.000     0.000 7.81062E-05 8.85610E-03
  5.488E+00     0.000     0.000     0.000 8.25373E-05 8.61935E-03
  5.769E+00     0.000     0.000     0.000 8.73641E-05 8.36592E-03
  6.065E+00     0.000     0.000     0.000 9.04276E-05 8.22348E-03
  6.376E+00     0.000     0.000     0.000 9.55078E-05 7.99569E-03
  6.592E+00     0.000     0.000     0.000 6.54325E-05 9.69021E-03
  6.703E+00     0.000     0.000     0.000 3.33900E-05 1.35889E-02
  7.047E+00     0.000     0.000     0.000 1.04784E-04 7.62469E-03
  7.408E+00     0.000     0.000     0.000 1.11495E-04 7.39229E-03
  7.788E+00     0.000     0.000     0.000 1.14930E-04 7.27691E-03
  8.187E+00     0.000     0.000     0.000 1.19970E-04 7.11968E-03
  8.607E+00     0.000     0.000     0.000 1.28130E-04 6.88854E-03
  9.048E+00     0.000     0.000     0.000 1.34135E-04 6.72267E-03
  9.512E+00     0.000     0.000     0.000 1.42050E-04 6.53513E-03
  1.000E+01     0.000     0.000     0.000 1.47995E-04 6.39436E-03
  1.051E+01     0.000     0.000     0.000 1.54500E-04 6.25961E-03
  1.105E+01     0.000     0.000     0.000 1.63451E-04 6.07790E-03
  1.162E+01     0.000     0.000     0.000 1.71955E-04 5.92513E-03
  1.221E+01     0.000     0.000     0.000 1.81290E-04 5.75793E-03
  1.252E+01     0.000     0.000     0.000 9.47211E-05 8.03913E-03
  1.284E+01     0.000     0.000     0.000 9.66966E-05 7.95427E-03
  1.350E+01     0.000     0.000     0.000 2.00932E-04 5.46047E-03
  1.384E+01     0.000     0.000     0.000 1.04061E-04 7.65687E-03
  1.419E+01     0.000     0.000     0.000 1.06610E-04 7.55973E-03
  1.455E+01     0.000     0.000     0.000 1.10473E-04 7.42522E-03
  1.492E+01     0.000     0.000     0.000 1.12637E-04 7.35203E-03
  1.568E+01     0.000     0.000     0.000 2.34479E-04 5.04427E-03
  1.649E+01     0.000     0.000     0.000 2.43890E-04 4.94322E-03
  1.690E+01     0.000     0.000     0.000 1.27500E-04 6.89969E-03
  1.733E+01     0.000     0.000     0.000 1.29688E-04 6.84503E-03
  1.964E+01     0.000     0.000     0.000 7.07506E-04 2.78728E-03
   Total        0.000     0.000     0.000 5.99691E-03 1.85362E-04
