 Mesh Tally Number        14
 This is a neutron mesh tally.

 Tally bin boundaries:
    X direction:     -5.00      5.00
    Y direction:     -5.00      5.00
    Z direction:     -5.00      5.00
    Energy bin boundaries: 0.00E+00 1.00E-07 1.21E-07 1.46E-07 1.76E-07 2.13E-07 2.58E-07 3.11E-07 3.76E-07 4.54E-07 5.49E-07 6.64E-07 8.02E-07 9.69E-07 1.17E-06 1.41E-06 1.71E-06 2.07E-06 2.50E-06 3.02E-06 3.64E-06 4.40E-06 5.32E-06 6.43E-06 7.77E-06 9.39E-06 1.13E-05 1.37E-05 1.66E-05 2.00E-05 2.42E-05 2.92E-05 3.53E-05 4.27E-05 5.15E-05 6.23E-05 7.53E-05 9.09E-05 1.10E-04 1.33E-04 1.60E-04 1.94E-04 2.34E-04 2.83E-04 3.42E-04 4.13E-04 4.99E-04 6.03E-04 7.29E-04 8.81E-04 1.06E-03 1.29E-03 1.55E-03 1.88E-03 2.27E-03 2.74E-03 3.31E-03 4.00E-03 4.84E-03 5.85E-03 7.07E-03 8.54E-03 1.03E-02 1.25E-02 1.51E-02 1.82E-02 2.20E-02 2.66E-02 3.21E-02 3.88E-02 4.69E-02 5.66E-02 6.85E-02 8.27E-02 9.99E-02 1.21E-01 1.46E-01 1.76E-01 2.13E-01 2.57E-01 3.11E-01 3.76E-01 4.54E-01 5.49E-01 6.63E-01 8.01E-01 9.68E-01 1.17E+00 1.41E+00 1.71E+00 2.06E+00 2.49E+00 3.01E+00 3.64E+00 4.40E+00 5.32E+00 6.43E+00 7.76E+00 9.38E+00 1.13E+01 1.37E+01 1.66E+01 2.00E+01

   Energy         X         Y         Z     Result     Rel Error
  1.000E-07     0.000     0.000     0.000 0.00000E+00 0.00000E+00
  1.208E-07     0.000     0.000     0.000 0.00000E+00 0.00000E+00
  1.460E-07     0.000     0.000     0.000 0.00000E+00 0.00000E+00
  1.764E-07     0.000     0.000     0.000 0.00000E+00 0.00000E+00
  2.132E-07     0.000     0.000     0.000 0.00000E+00 0.00000E+00
  2.576E-07     0.000     0.000     0.000 0.00000E+00 0.00000E+00
  3.113E-07     0.000     0.000     0.000 0.00000E+00 0.00000E+00
  3.761E-07     0.000     0.000     0.000 0.00000E+00 0.00000E+00
  4.545E-07     0.000     0.000     0.000 0.00000E+00 0.00000E+00
  5.492E-07     0.000     0.000     0.000 6.20405E-09 9.99999E-01
  6.636E-07     0.000     0.000     0.000 0.00000E+00 0.00000E+00
  8.018E-07     0.000     0.000     0.000 0.00000E+00 0.00000E+00
  9.689E-07     0.000     0.000     0.000 0.00000E+00 0.00000E+00
  1.171E-06     0.000     0.000     0.000 0.00000E+00 0.00000E+00
  1.415E-06     0.000     0.000     0.000 0.00000E+00 0.00000E+00
  1.709E-06     0.000     0.000     0.000 0.00000E+00 0.00000E+00
  2.065E-06     0.000     0.000     0.000 0.00000E+00 0.00000E+00
  2.496E-06     0.000     0.000     0.000 0.00000E+00 0.00000E+00
  3.016E-06     0.000     0.000     0.000 0.00000E+00 0.00000E+00
  3.644E-06     0.000     0.000     0.000 0.00000E+00 0.00000E+00
  4.403E-06     0.000     0.000     0.000 0.00000E+00 0.00000E+00
  5.321E-06     0.000     0.000     0.000 0.00000E+00 0.00000E+00
  6.429E-06     0.000     0.000     0.000 0.00000E+00 0.00000E+00
  7.768E-06     0.000     0.000     0.000 0.00000E+00 0.00000E+00
  9.387E-06     0.000     0.000     0.000 0.00000E+00 0.00000E+00
  1.134E-05     0.000     0.000     0.000 0.00000E+00 0.00000E+00
  1.371E-05     0.000     0.000     0.000 7.13195E-09 9.99999E-01
  1.656E-05     0.000     0.000     0.000 0.00000E+00 0.00000E+00
  2.001E-05     0.000     0.000     0.000 0.00000E+00 0.00000E+00
  2.418E-05     0.000     0.000     0.000 0.00000E+00 0.00000E+00
  2.922E-05     0.000     0.000     0.000 0.00000E+00 0.00000E+00
  3.531E-05     0.000     0.000     0.000 0.00000E+00 0.00000E+00
  4.266E-05     0.000     0.000     0.000 0.00000E+00 0.00000E+00
  5.155E-05     0.000     0.000     0.000 1.26564E-08 7.08799E-01
  6.229E-05     0.000     0.000     0.000 5.40641E-09 9.99999E-01
  7.527E-05     0.000     0.000     0.000 0.00000E+00 0.00000E+00
  9.095E-05     0.000     0.000     0.000 0.00000E+00 0.00000E+00
  1.099E-04     0.000     0.000     0.000 0.00000E+00 0.00000E+00
  1.328E-04     0.000     0.000     0.000 2.48174E-08 5.03654E-01
  1.605E-04     0.000     0.000     0.000 5.19856E-09 9.99999E-01
  1.939E-04     0.000     0.000     0.000 5.33989E-09 9.99999E-01
  2.343E-04     0.000     0.000     0.000 6.29118E-09 9.99999E-01
  2.831E-04     0.000     0.000     0.000 1.96334E-08 5.80268E-01
  3.421E-04     0.000     0.000     0.000 1.93619E-08 5.78405E-01
  4.133E-04     0.000     0.000     0.000 1.27300E-08 7.08194E-01
  4.994E-04     0.000     0.000     0.000 4.52788E-08 3.80330E-01
  6.035E-04     0.000     0.000     0.000 4.32743E-08 3.80386E-01
  7.292E-04     0.000     0.000     0.000 3.01900E-08 4.50761E-01
  8.811E-04     0.000     0.000     0.000 4.37744E-08 3.80763E-01
  1.065E-03     0.000     0.000     0.000 2.22933E-08 5.00124E-01
  1.287E-03     0.000     0.000     0.000 6.12428E-08 3.03181E-01
  1.555E-03     0.000     0.000     0.000 9.78638E-08 2.51167E-01
  1.878E-03     0.000     0.000     0.000 1.00783E-07 2.43763E-01
  2.270E-03     0.000     0.000     0.000 9.46729E-08 2.51688E-01
  2.743E-03     0.000     0.000     0.000 1.64437E-07 1.97490E-01
  3.314E-03     0.000     0.000     0.000 1.97020E-07 1.78800E-01
  4.005E-03     0.000     0.000     0.000 1.98390E-07 1.75390E-01
  4.839E-03     0.000     0.000     0.000 2.81435E-07 1.48444E-01
  5.847E-03     0.000     0.000     0.000 3.78884E-07 1.27874E-01
  7.065E-03     0.000     0.000     0.000 3.11028E-07 1.39699E-01
  8.537E-03     0.000     0.000     0.000 3.89247E-07 1.28243E-01
  1.032E-02     0.000     0.000     0.000 4.62648E-07 1.14747E-01
  1.246E-02     0.000     0.000     0.000 5.99469E-07 1.02952E-01
  1.506E-02     0.000     0.000     0.000 8.18297E-07 8.67611E-02
  1.820E-02     0.000     0.000     0.000 9.95326E-07 7.89233E-02
  2.199E-02     0.000     0.000     0.000 1.24507E-06 7.07535E-02
  2.657E-02     0.000     0.000     0.000 1.32240E-06 6.86244E-02
  3.211E-02     0.000     0.000     0.000 1.80201E-06 5.87432E-02
  3.880E-02     0.000     0.000     0.000 2.01683E-06 5.55201E-02
  4.688E-02     0.000     0.000     0.000 2.51098E-06 4.97811E-02
  5.665E-02     0.000     0.000     0.000 2.81740E-06 4.72423E-02
  6.845E-02     0.000     0.000     0.000 3.40250E-06 4.27019E-02
  8.271E-02     0.000     0.000     0.000 4.11669E-06 3.89292E-02
  9.994E-02     0.000     0.000     0.000 5.38865E-06 3.37910E-02
  1.208E-01     0.000     0.000     0.000 6.41393E-06 3.11014E-02
  1.459E-01     0.000     0.000     0.000 7.69180E-06 2.84337E-02
  1.763E-01     0.000     0.000     0.000 9.27358E-06 2.58541E-02
  2.131E-01     0.000     0.000     0.000 1.12581E-05 2.33631E-02
  2.575E-01     0.000     0.000     0.000 1.40414E-05 2.10079E-02
  3.111E-01     0.000     0.000     0.000 1.58892E-05 1.96980E-02
  3.759E-01     0.000     0.000     0.000 2.00791E-05 1.75447E-02
  4.542E-01     0.000     0.000     0.000 2.42914E-05 1.59534E-02
  5.488E-01     0.000     0.000     0.000 2.82760E-05 1.47567E-02
  6.632E-01     0.000     0.000     0.000 3.49765E-05 1.32796E-02
  8.014E-01     0.000     0.000     0.000 4.28146E-05 1.19805E-02
  9.683E-01     0.000     0.000     0.000 5.13014E-05 1.09541E-02
  1.170E+00     0.000     0.000     0.000 6.08668E-05 1.00371E-02
  1.414E+00     0.000     0.000     0.000 7.54171E-05 9.02089E-03
  1.708E+00     0.000     0.000     0.000 8.96137E-05 8.26435E-03
  2.064E+00     0.000     0.000     0.000 1.10088E-04 7.43882E-03
  2.494E+00     0.000     0.000     0.000 1.31539E-04 6.80113E-03
  3.014E+00     0.000     0.000     0.000 1.57083E-04 6.20587E-03
  3.642E+00     0.000     0.000     0.000 1.92417E-04 5.58705E-03
  4.401E+00     0.000     0.000     0.000 2.33173E-04 5.05703E-03
  5.318E+00     0.000     0.000     0.000 2.81713E-04 4.58631E-03
  6.425E+00     0.000     0.000     0.000 3.40845E-04 4.14735E-03
  7.764E+00     0.000     0.000     0.000 4.07929E-04 3.76905E-03
  9.382E+00     0.000     0.000     0.000 4.91627E-04 3.40847E-03
  1.134E+01     0.000     0.000     0.000 5.92524E-04 3.07733E-03
  1.370E+01     0.000     0.000     0.000 7.19429E-04 2.76026E-03
  1.655E+01     0.000     0.000     0.000 8.71770E-04 2.47287E-03
  2.000E+01     0.000     0.000     0.000 1.05448E-03 2.20973E-03
   Total        0.000     0.000     0.000 6.10690E-03 1.25444E-04
