 Mesh Tally Number        14
 This is a neutron mesh tally.

 Tally bin boundaries:
    X direction:     -5.00      5.00
    Y direction:     -5.00      5.00
    Z direction:     -5.00      5.00
    Energy bin boundaries: 0.00E+00 1.00E-07 4.99E-02 9.98E-02 1.50E-01 2.00E-01 2.49E-01 2.99E-01 3.49E-01 3.99E-01 4.49E-01 4.99E-01 5.49E-01 5.99E-01 6.48E-01 6.98E-01 7.48E-01 7.98E-01 8.48E-01 8.98E-01 9.48E-01 9.98E-01 1.05E+00 1.10E+00 1.15E+00 1.20E+00 1.25E+00 1.30E+00 1.35E+00 1.40E+00 1.45E+00 1.50E+00 1.55E+00 1.60E+00 1.65E+00 1.70E+00 1.75E+00 1.80E+00 1.85E+00 1.90E+00 1.95E+00 2.00E+00 2.04E+00 2.09E+00 2.14E+00 2.19E+00 2.24E+00 2.29E+00 2.34E+00 2.39E+00 2.44E+00 2.49E+00 2.54E+00 2.59E+00 2.64E+00 2.69E+00 2.74E+00 2.79E+00 2.84E+00 2.89E+00 2.94E+00 2.99E+00 3.04E+00 3.09E+00 3.14E+00 3.19E+00 3.24E+00 3.29E+00 3.34E+00 3.39E+00 3.44E+00 3.49E+00 3.54E+00 3.59E+00 3.64E+00 3.69E+00 3.74E+00 3.79E+00 3.84E+00 3.89E+00 3.94E+00 3.99E+00 4.04E+00 4.09E+00 4.14E+00 4.19E+00 4.24E+00 4.29E+00 4.34E+00 4.39E+00 4.44E+00 4.49E+00 4.54E+00 4.59E+00 4.64E+00 4.69E+00 4.74E+00 4.79E+00 4.84E+00 4.89E+00 4.94E+00 4.99E+00 5.04E+00 5.09E+00 5.14E+00 5.19E+00 5.24E+00 5.29E+00 5.34E+00 5.39E+00 5.44E+00 5.49E+00 5.54E+00 5.59E+00 5.64E+00 5.69E+00 5.74E+00 5.79E+00 5.84E+00 5.89E+00 5.94E+00 5.99E+00 6.03E+00 6.08E+00 6.13E+00 6.18E+00 6.23E+00 6.28E+00 6.33E+00 6.38E+00 6.43E+00 6.48E+00 6.53E+00 6.58E+00 6.63E+00 6.68E+00 6.73E+00 6.78E+00 6.83E+00 6.88E+00 6.93E+00 6.98E+00 7.03E+00 7.08E+00 7.13E+00 7.18E+00 7.23E+00 7.28E+00 7.33E+00 7.38E+00 7.43E+00 7.48E+00 7.53E+00 7.58E+00 7.63E+00 7.68E+00 7.73E+00 7.78E+00 7.83E+00 7.88E+00 7.93E+00 7.98E+00 8.03E+00 8.08E+00 8.13E+00 8.18E+00 8.23E+00 8.28E+00 8.33E+00 8.38E+00 8.43E+00 8.48E+00 8.53E+00 8.58E+00 8.63E+00 8.68E+00 8.73E+00 8.78E+00 8.83E+00 8.88E+00 8.93E+00 8.98E+00 9.03E+00 9.08E+00 9.13E+00 9.18E+00 9.23E+00 9.28E+00 9.33E+00 9.38E+00 9.43E+00 9.48E+00 9.53E+00 9.58E+00 9.63E+00 9.68E+00 9.73E+00 9.78E+00 9.83E+00 9.88E+00 9.93E+00 9.98E+00 1.00E+01 1.01E+01 1.01E+01 1.02E+01 1.02E+01 1.03E+01 1.03E+01 1.04E+01 1.04E+01 1.05E+01 1.05E+01 1.06E+01 1.06E+01 1.07E+01 1.07E+01 1.08E+01 1.08E+01 1.09E+01 1.09E+01 1.10E+01 1.10E+01 1.11E+01 1.11E+01 1.12E+01 1.12E+01 1.13E+01 1.13E+01 1.14E+01 1.14E+01 1.15E+01 1.15E+01 1.16E+01 1.16E+01 1.17E+01 1.17E+01 1.18E+01 1.18E+01 1.19E+01 1.19E+01 1.20E+01 1.20E+01 1.21E+01 1.21E+01 1.22E+01 1.22E+01 1.23E+01 1.23E+01 1.24E+01 1.24E+01 1.25E+01 1.25E+01 1.26E+01 1.26E+01 1.27E+01 1.27E+01 1.28E+01 1.28E+01 1.29E+01 1.29E+01 1.30E+01 1.30E+01 1.31E+01 1.31E+01 1.32E+01 1.32E+01 1.33E+01 1.33E+01 1.34E+01 1.34E+01 1.35E+01 1.35E+01 1.36E+01 1.36E+01 1.37E+01 1.37E+01 1.38E+01 1.38E+01 1.39E+01 1.39E+01 1.40E+01 1.40E+01 1.41E+01 1.41E+01 1.42E+01 1.42E+01 1.43E+01 1.43E+01 1.44E+01 1.44E+01 1.45E+01 1.45E+01 1.46E+01 1.46E+01 1.47E+01 1.47E+01 1.48E+01 1.48E+01 1.49E+01 1.49E+01 1.50E+01 1.50E+01 1.51E+01 1.51E+01 1.52E+01 1.52E+01 1.53E+01 1.53E+01 1.54E+01 1.54E+01 1.55E+01 1.55E+01 1.56E+01 1.56E+01 1.57E+01 1.57E+01 1.58E+01 1.58E+01 1.59E+01 1.59E+01 1.60E+01 1.60E+01 1.61E+01 1.61E+01 1.62E+01 1.62E+01 1.63E+01 1.63E+01 1.64E+01 1.64E+01 1.65E+01 1.65E+01 1.66E+01 1.66E+01 1.67E+01 1.67E+01 1.68E+01 1.68E+01 1.69E+01 1.69E+01 1.70E+01 1.70E+01 1.71E+01 1.71E+01 1.72E+01 1.72E+01 1.73E+01 1.73E+01 1.74E+01 1.74E+01 1.75E+01 1.75E+01 1.76E+01 1.76E+01 1.77E+01 1.77E+01 1.78E+01 1.78E+01 1.79E+01 1.79E+01 1.80E+01 1.80E+01 1.81E+01 1.81E+01 1.82E+01 1.82E+01 1.83E+01 1.83E+01 1.84E+01 1.84E+01 1.85E+01 1.85E+01 1.86E+01 1.86E+01 1.87E+01 1.87E+01 1.88E+01 1.88E+01 1.89E+01 1.89E+01 1.90E+01 1.90E+01 1.91E+01 1.91E+01 1.92E+01 1.92E+01 1.93E+01 1.93E+01 1.94E+01 1.94E+01 1.95E+01 1.95E+01 1.96E+01 1.96E+01 1.97E+01 1.97E+01 1.98E+01 1.98E+01 1.99E+01 1.99E+01 2.00E+01 2.00E+01

   Energy         X         Y         Z     Result     Rel Error
  1.000E-07     0.000     0.000     0.000 0.00000E+00 0.00000E+00
  4.988E-02     0.000     0.000     0.000 1.52557E-05 2.01614E-02
  9.975E-02     0.000     0.000     0.000 1.47604E-05 2.04966E-02
  1.496E-01     0.000     0.000     0.000 1.53247E-05 2.01158E-02
  1.995E-01     0.000     0.000     0.000 1.50700E-05 2.02372E-02
  2.494E-01     0.000     0.000     0.000 1.57439E-05 1.97887E-02
  2.993E-01     0.000     0.000     0.000 1.49439E-05 2.03408E-02
  3.491E-01     0.000     0.000     0.000 1.52232E-05 2.01316E-02
  3.990E-01     0.000     0.000     0.000 1.55089E-05 1.99631E-02
  4.489E-01     0.000     0.000     0.000 1.54944E-05 2.00252E-02
  4.988E-01     0.000     0.000     0.000 1.49950E-05 2.02931E-02
  5.486E-01     0.000     0.000     0.000 1.48932E-05 2.03514E-02
  5.985E-01     0.000     0.000     0.000 1.54008E-05 2.00443E-02
  6.484E-01     0.000     0.000     0.000 1.52024E-05 2.01893E-02
  6.983E-01     0.000     0.000     0.000 1.54348E-05 1.99806E-02
  7.481E-01     0.000     0.000     0.000 1.50985E-05 2.02551E-02
  7.980E-01     0.000     0.000     0.000 1.56333E-05 1.98271E-02
  8.479E-01     0.000     0.000     0.000 1.56215E-05 1.99668E-02
  8.978E-01     0.000     0.000     0.000 1.49039E-05 2.03684E-02
  9.476E-01     0.000     0.000     0.000 1.54892E-05 1.99705E-02
  9.975E-01     0.000     0.000     0.000 1.52871E-05 2.01106E-02
  1.047E+00     0.000     0.000     0.000 1.53039E-05 2.01255E-02
  1.097E+00     0.000     0.000     0.000 1.50236E-05 2.02766E-02
  1.147E+00     0.000     0.000     0.000 1.46791E-05 2.04845E-02
  1.197E+00     0.000     0.000     0.000 1.53327E-05 2.00478E-02
  1.247E+00     0.000     0.000     0.000 1.48632E-05 2.04667E-02
  1.297E+00     0.000     0.000     0.000 1.58305E-05 1.97914E-02
  1.347E+00     0.000     0.000     0.000 1.57407E-05 1.98310E-02
  1.397E+00     0.000     0.000     0.000 1.51312E-05 2.02113E-02
  1.446E+00     0.000     0.000     0.000 1.52405E-05 2.01671E-02
  1.496E+00     0.000     0.000     0.000 1.47966E-05 2.04105E-02
  1.546E+00     0.000     0.000     0.000 1.57311E-05 1.98750E-02
  1.596E+00     0.000     0.000     0.000 1.52440E-05 2.01920E-02
  1.646E+00     0.000     0.000     0.000 1.48168E-05 2.04487E-02
  1.696E+00     0.000     0.000     0.000 1.54528E-05 1.99971E-02
  1.746E+00     0.000     0.000     0.000 1.49816E-05 2.03690E-02
  1.796E+00     0.000     0.000     0.000 1.51386E-05 2.02353E-02
  1.845E+00     0.000     0.000     0.000 1.58238E-05 1.97539E-02
  1.895E+00     0.000     0.000     0.000 1.54587E-05 2.00092E-02
  1.945E+00     0.000     0.000     0.000 1.58511E-05 1.97676E-02
  1.995E+00     0.000     0.000     0.000 1.52862E-05 2.01094E-02
  2.045E+00     0.000     0.000     0.000 1.55788E-05 1.99148E-02
  2.095E+00     0.000     0.000     0.000 1.54801E-05 2.00188E-02
  2.145E+00     0.000     0.000     0.000 1.51926E-05 2.02353E-02
  2.195E+00     0.000     0.000     0.000 1.52164E-05 2.01700E-02
  2.244E+00     0.000     0.000     0.000 1.47968E-05 2.04503E-02
  2.294E+00     0.000     0.000     0.000 1.51397E-05 2.01959E-02
  2.344E+00     0.000     0.000     0.000 1.46554E-05 2.05425E-02
  2.394E+00     0.000     0.000     0.000 1.55802E-05 1.99718E-02
  2.444E+00     0.000     0.000     0.000 1.54871E-05 2.00337E-02
  2.494E+00     0.000     0.000     0.000 1.55772E-05 1.99473E-02
  2.544E+00     0.000     0.000     0.000 1.47903E-05 2.04374E-02
  2.594E+00     0.000     0.000     0.000 1.46263E-05 2.05636E-02
  2.643E+00     0.000     0.000     0.000 1.52844E-05 2.00954E-02
  2.693E+00     0.000     0.000     0.000 1.48334E-05 2.04076E-02
  2.743E+00     0.000     0.000     0.000 1.50454E-05 2.03122E-02
  2.793E+00     0.000     0.000     0.000 1.57260E-05 1.98576E-02
  2.843E+00     0.000     0.000     0.000 1.50431E-05 2.03103E-02
  2.893E+00     0.000     0.000     0.000 1.53032E-05 2.01528E-02
  2.943E+00     0.000     0.000     0.000 1.50359E-05 2.03156E-02
  2.993E+00     0.000     0.000     0.000 1.50638E-05 2.02688E-02
  3.042E+00     0.000     0.000     0.000 1.52434E-05 2.00999E-02
  3.092E+00     0.000     0.000     0.000 1.51745E-05 2.02150E-02
  3.142E+00     0.000     0.000     0.000 1.50122E-05 2.03013E-02
  3.192E+00     0.000     0.000     0.000 1.52823E-05 2.00999E-02
  3.242E+00     0.000     0.000     0.000 1.56110E-05 1.98638E-02
  3.292E+00     0.000     0.000     0.000 1.53354E-05 2.00450E-02
  3.342E+00     0.000     0.000     0.000 1.51355E-05 2.02177E-02
  3.392E+00     0.000     0.000     0.000 1.53281E-05 2.00968E-02
  3.441E+00     0.000     0.000     0.000 1.62600E-05 1.95413E-02
  3.491E+00     0.000     0.000     0.000 1.51362E-05 2.02003E-02
  3.541E+00     0.000     0.000     0.000 1.54175E-05 2.00238E-02
  3.591E+00     0.000     0.000     0.000 1.47047E-05 2.05068E-02
  3.641E+00     0.000     0.000     0.000 1.49956E-05 2.03188E-02
  3.691E+00     0.000     0.000     0.000 1.60410E-05 1.96442E-02
  3.741E+00     0.000     0.000     0.000 1.54256E-05 1.99875E-02
  3.791E+00     0.000     0.000     0.000 1.46913E-05 2.04581E-02
  3.840E+00     0.000     0.000     0.000 1.52497E-05 2.01372E-02
  3.890E+00     0.000     0.000     0.000 1.55081E-05 1.99402E-02
  3.940E+00     0.000     0.000     0.000 1.49688E-05 2.03165E-02
  3.990E+00     0.000     0.000     0.000 1.57446E-05 1.97839E-02
  4.040E+00     0.000     0.000     0.000 1.57414E-05 1.98209E-02
  4.090E+00     0.000     0.000     0.000 1.52394E-05 2.01138E-02
  4.140E+00     0.000     0.000     0.000 1.54126E-05 2.00320E-02
  4.190E+00     0.000     0.000     0.000 1.52664E-05 2.01782E-02
  4.239E+00     0.000     0.000     0.000 1.49715E-05 2.03291E-02
  4.289E+00     0.000     0.000     0.000 1.50622E-05 2.02549E-02
  4.339E+00     0.000     0.000     0.000 1.50607E-05 2.02849E-02
  4.389E+00     0.000     0.000     0.000 1.54537E-05 2.00351E-02
  4.439E+00     0.000     0.000     0.000 1.52248E-05 2.01617E-02
  4.489E+00     0.000     0.000     0.000 1.55074E-05 1.99979E-02
  4.539E+00     0.000     0.000     0.000 1.55812E-05 1.99097E-02
  4.589E+00     0.000     0.000     0.000 1.57406E-05 1.98253E-02
  4.638E+00     0.000     0.000     0.000 1.50287E-05 2.03054E-02
  4.688E+00     0.000     0.000     0.000 1.50361E-05 2.03000E-02
  4.738E+00     0.000     0.000     0.000 1.50637E-05 2.02345E-02
  4.788E+00     0.000     0.000     0.000 1.54086E-05 2.00613E-02
  4.838E+00     0.000     0.000     0.000 1.55164E-05 1.99973E-02
  4.888E+00     0.000     0.000     0.000 1.53928E-05 2.00659E-02
  4.938E+00     0.000     0.000     0.000 1.47464E-05 2.05091E-02
  4.988E+00     0.000     0.000     0.000 1.54695E-05 1.99986E-02
  5.037E+00     0.000     0.000     0.000 1.50819E-05 2.02663E-02
  5.087E+00     0.000     0.000     0.000 1.54623E-05 2.00023E-02
  5.137E+00     0.000     0.000     0.000 1.54858E-05 2.00253E-02
  5.187E+00     0.000     0.000     0.000 1.52495E-05 2.01225E-02
  5.237E+00     0.000     0.000     0.000 1.55762E-05 1.99212E-02
  5.287E+00     0.000     0.000     0.000 1.57005E-05 1.98794E-02
  5.337E+00     0.000     0.000     0.000 1.48526E-05 2.04384E-02
  5.387E+00     0.000     0.000     0.000 1.53960E-05 2.00545E-02
  5.436E+00     0.000     0.000     0.000 1.50176E-05 2.03113E-02
  5.486E+00     0.000     0.000     0.000 1.59039E-05 1.97469E-02
  5.536E+00     0.000     0.000     0.000 1.57155E-05 1.98158E-02
  5.586E+00     0.000     0.000     0.000 1.55899E-05 1.99533E-02
  5.636E+00     0.000     0.000     0.000 1.51647E-05 2.01845E-02
  5.686E+00     0.000     0.000     0.000 1.59377E-05 1.97021E-02
  5.736E+00     0.000     0.000     0.000 1.51112E-05 2.02772E-02
  5.786E+00     0.000     0.000     0.000 1.52450E-05 2.01190E-02
  5.835E+00     0.000     0.000     0.000 1.50168E-05 2.03122E-02
  5.885E+00     0.000     0.000     0.000 1.52167E-05 2.01580E-02
  5.935E+00     0.000     0.000     0.000 1.53154E-05 2.00696E-02
  5.985E+00     0.000     0.000     0.000 1.51579E-05 2.02162E-02
  6.035E+00     0.000     0.000     0.000 1.54773E-05 2.00038E-02
  6.085E+00     0.000     0.000     0.000 1.54325E-05 2.00163E-02
  6.135E+00     0.000     0.000     0.000 1.52485E-05 2.01326E-02
  6.185E+00     0.000     0.000     0.000 1.54981E-05 1.99800E-02
  6.234E+00     0.000     0.000     0.000 1.51524E-05 2.01979E-02
  6.284E+00     0.000     0.000     0.000 1.50913E-05 2.02645E-02
  6.334E+00     0.000     0.000     0.000 1.56177E-05 1.99434E-02
  6.384E+00     0.000     0.000     0.000 1.51684E-05 2.01598E-02
  6.434E+00     0.000     0.000     0.000 1.51437E-05 2.02165E-02
  6.484E+00     0.000     0.000     0.000 1.50334E-05 2.02754E-02
  6.534E+00     0.000     0.000     0.000 1.48809E-05 2.04315E-02
  6.584E+00     0.000     0.000     0.000 1.54253E-05 2.00426E-02
  6.633E+00     0.000     0.000     0.000 1.52553E-05 2.01521E-02
  6.683E+00     0.000     0.000     0.000 1.47945E-05 2.04492E-02
  6.733E+00     0.000     0.000     0.000 1.50653E-05 2.02613E-02
  6.783E+00     0.000     0.000     0.000 1.55755E-05 1.99375E-02
  6.833E+00     0.000     0.000     0.000 1.54338E-05 2.00166E-02
  6.883E+00     0.000     0.000     0.000 1.48971E-05 2.03882E-02
  6.933E+00     0.000     0.000     0.000 1.48919E-05 2.03593E-02
  6.983E+00     0.000     0.000     0.000 1.53859E-05 2.00146E-02
  7.032E+00     0.000     0.000     0.000 1.49894E-05 2.03033E-02
  7.082E+00     0.000     0.000     0.000 1.55951E-05 1.99254E-02
  7.132E+00     0.000     0.000     0.000 1.51699E-05 2.01731E-02
  7.182E+00     0.000     0.000     0.000 1.57979E-05 1.98107E-02
  7.232E+00     0.000     0.000     0.000 1.55439E-05 1.99411E-02
  7.282E+00     0.000     0.000     0.000 1.50599E-05 2.02710E-02
  7.332E+00     0.000     0.000     0.000 1.55232E-05 1.99847E-02
  7.382E+00     0.000     0.000     0.000 1.51736E-05 2.01937E-02
  7.431E+00     0.000     0.000     0.000 1.55175E-05 1.99632E-02
  7.481E+00     0.000     0.000     0.000 1.55079E-05 1.99767E-02
  7.531E+00     0.000     0.000     0.000 1.51044E-05 2.02661E-02
  7.581E+00     0.000     0.000     0.000 1.52436E-05 2.01471E-02
  7.631E+00     0.000     0.000     0.000 1.49614E-05 2.03320E-02
  7.681E+00     0.000     0.000     0.000 1.44866E-05 2.06642E-02
  7.731E+00     0.000     0.000     0.000 1.50048E-05 2.02481E-02
  7.781E+00     0.000     0.000     0.000 1.49421E-05 2.03701E-02
  7.830E+00     0.000     0.000     0.000 1.47145E-05 2.05026E-02
  7.880E+00     0.000     0.000     0.000 1.58331E-05 1.97783E-02
  7.930E+00     0.000     0.000     0.000 1.46489E-05 2.05387E-02
  7.980E+00     0.000     0.000     0.000 1.46555E-05 2.05599E-02
  8.030E+00     0.000     0.000     0.000 1.51020E-05 2.02197E-02
  8.080E+00     0.000     0.000     0.000 1.46516E-05 2.05646E-02
  8.130E+00     0.000     0.000     0.000 1.53229E-05 2.00629E-02
  8.180E+00     0.000     0.000     0.000 1.50483E-05 2.03040E-02
  8.229E+00     0.000     0.000     0.000 1.55676E-05 1.99611E-02
  8.279E+00     0.000     0.000     0.000 1.54669E-05 2.00220E-02
  8.329E+00     0.000     0.000     0.000 1.53146E-05 2.01204E-02
  8.379E+00     0.000     0.000     0.000 1.48569E-05 2.04355E-02
  8.429E+00     0.000     0.000     0.000 1.54381E-05 1.99940E-02
  8.479E+00     0.000     0.000     0.000 1.47365E-05 2.05153E-02
  8.529E+00     0.000     0.000     0.000 1.52203E-05 2.01701E-02
  8.579E+00     0.000     0.000     0.000 1.45906E-05 2.05591E-02
  8.628E+00     0.000     0.000     0.000 1.60218E-05 1.96568E-02
  8.678E+00     0.000     0.000     0.000 1.56399E-05 1.98999E-02
  8.728E+00     0.000     0.000     0.000 1.49716E-05 2.03395E-02
  8.778E+00     0.000     0.000     0.000 1.57395E-05 1.98467E-02
  8.828E+00     0.000     0.000     0.000 1.45499E-05 2.06256E-02
  8.878E+00     0.000     0.000     0.000 1.52263E-05 2.01065E-02
  8.928E+00     0.000     0.000     0.000 1.51398E-05 2.01862E-02
  8.978E+00     0.000     0.000     0.000 1.50891E-05 2.02441E-02
  9.027E+00     0.000     0.000     0.000 1.45736E-05 2.05439E-02
  9.077E+00     0.000     0.000     0.000 1.50781E-05 2.02981E-02
  9.127E+00     0.000     0.000     0.000 1.54927E-05 1.99785E-02
  9.177E+00     0.000     0.000     0.000 1.52906E-05 2.00915E-02
  9.227E+00     0.000     0.000     0.000 1.53335E-05 2.01044E-02
  9.277E+00     0.000     0.000     0.000 1.53730E-05 2.00977E-02
  9.327E+00     0.000     0.000     0.000 1.53955E-05 2.00222E-02
  9.377E+00     0.000     0.000     0.000 1.52015E-05 2.02017E-02
  9.426E+00     0.000     0.000     0.000 1.53473E-05 2.00768E-02
  9.476E+00     0.000     0.000     0.000 1.50897E-05 2.02705E-02
  9.526E+00     0.000     0.000     0.000 1.49516E-05 2.03634E-02
  9.576E+00     0.000     0.000     0.000 1.50543E-05 2.02619E-02
  9.626E+00     0.000     0.000     0.000 1.58279E-05 1.97937E-02
  9.676E+00     0.000     0.000     0.000 1.50928E-05 2.02903E-02
  9.726E+00     0.000     0.000     0.000 1.54370E-05 2.00444E-02
  9.776E+00     0.000     0.000     0.000 1.50724E-05 2.02173E-02
  9.825E+00     0.000     0.000     0.000 1.47113E-05 2.04497E-02
  9.875E+00     0.000     0.000     0.000 1.50367E-05 2.02771E-02
  9.925E+00     0.000     0.000     0.000 1.51556E-05 2.02145E-02
  9.975E+00     0.000     0.000     0.000 1.51910E-05 2.01373E-02
  1.002E+01     0.000     0.000     0.000 1.44348E-05 2.07097E-02
  1.007E+01     0.000     0.000     0.000 1.48968E-05 2.04306E-02
  1.012E+01     0.000     0.000     0.000 1.54692E-05 1.99932E-02
  1.017E+01     0.000     0.000     0.000 1.52133E-05 2.01580E-02
  1.022E+01     0.000     0.000     0.000 1.47701E-05 2.04781E-02
  1.027E+01     0.000     0.000     0.000 1.46386E-05 2.05945E-02
  1.032E+01     0.000     0.000     0.000 1.53556E-05 2.00780E-02
  1.037E+01     0.000     0.000     0.000 1.50914E-05 2.02929E-02
  1.042E+01     0.000     0.000     0.000 1.54115E-05 2.00142E-02
  1.047E+01     0.000     0.000     0.000 1.51289E-05 2.02079E-02
  1.052E+01     0.000     0.000     0.000 1.47000E-05 2.05132E-02
  1.057E+01     0.000     0.000     0.000 1.48057E-05 2.04291E-02
  1.062E+01     0.000     0.000     0.000 1.50727E-05 2.02741E-02
  1.067E+01     0.000     0.000     0.000 1.53358E-05 2.00569E-02
  1.072E+01     0.000     0.000     0.000 1.46435E-05 2.05928E-02
  1.077E+01     0.000     0.000     0.000 1.53052E-05 2.01057E-02
  1.082E+01     0.000     0.000     0.000 1.53735E-05 2.00797E-02
  1.087E+01     0.000     0.000     0.000 1.51892E-05 2.01730E-02
  1.092E+01     0.000     0.000     0.000 1.51363E-05 2.02241E-02
  1.097E+01     0.000     0.000     0.000 1.48315E-05 2.03781E-02
  1.102E+01     0.000     0.000     0.000 1.55604E-05 1.99204E-02
  1.107E+01     0.000     0.000     0.000 1.54422E-05 2.00537E-02
  1.112E+01     0.000     0.000     0.000 1.51405E-05 2.01727E-02
  1.117E+01     0.000     0.000     0.000 1.51163E-05 2.02329E-02
  1.122E+01     0.000     0.000     0.000 1.48826E-05 2.04188E-02
  1.127E+01     0.000     0.000     0.000 1.55052E-05 1.99819E-02
  1.132E+01     0.000     0.000     0.000 1.51489E-05 2.02247E-02
  1.137E+01     0.000     0.000     0.000 1.54287E-05 2.00466E-02
  1.142E+01     0.000     0.000     0.000 1.55161E-05 1.99768E-02
  1.147E+01     0.000     0.000     0.000 1.49040E-05 2.03827E-02
  1.152E+01     0.000     0.000     0.000 1.52490E-05 2.01643E-02
  1.157E+01     0.000     0.000     0.000 1.46269E-05 2.05418E-02
  1.162E+01     0.000     0.000     0.000 1.47242E-05 2.05718E-02
  1.167E+01     0.000     0.000     0.000 1.52480E-05 2.01448E-02
  1.172E+01     0.000     0.000     0.000 1.45861E-05 2.05604E-02
  1.177E+01     0.000     0.000     0.000 1.52402E-05 2.01454E-02
  1.182E+01     0.000     0.000     0.000 1.51680E-05 2.01670E-02
  1.187E+01     0.000     0.000     0.000 1.55607E-05 1.99138E-02
  1.192E+01     0.000     0.000     0.000 1.51246E-05 2.01724E-02
  1.197E+01     0.000     0.000     0.000 1.53877E-05 2.00162E-02
  1.202E+01     0.000     0.000     0.000 1.54746E-05 2.00232E-02
  1.207E+01     0.000     0.000     0.000 1.52412E-05 2.01356E-02
  1.212E+01     0.000     0.000     0.000 1.47626E-05 2.04380E-02
  1.217E+01     0.000     0.000     0.000 1.52457E-05 2.01124E-02
  1.222E+01     0.000     0.000     0.000 1.50828E-05 2.02980E-02
  1.227E+01     0.000     0.000     0.000 1.52529E-05 2.01230E-02
  1.232E+01     0.000     0.000     0.000 1.48812E-05 2.04002E-02
  1.237E+01     0.000     0.000     0.000 1.53109E-05 2.01318E-02
  1.242E+01     0.000     0.000     0.000 1.55870E-05 1.99756E-02
  1.247E+01     0.000     0.000     0.000 1.52735E-05 2.01030E-02
  1.252E+01     0.000     0.000     0.000 1.57520E-05 1.98976E-02
  1.257E+01     0.000     0.000     0.000 1.49896E-05 2.03726E-02
  1.262E+01     0.000     0.000     0.000 1.46367E-05 2.06224E-02
  1.267E+01     0.000     0.000     0.000 1.51003E-05 2.02284E-02
  1.272E+01     0.000     0.000     0.000 1.56549E-05 1.98804E-02
  1.277E+01     0.000     0.000     0.000 1.53131E-05 2.01020E-02
  1.282E+01     0.000     0.000     0.000 1.50838E-05 2.02633E-02
  1.287E+01     0.000     0.000     0.000 1.50849E-05 2.02818E-02
  1.292E+01     0.000     0.000     0.000 1.51549E-05 2.01655E-02
  1.297E+01     0.000     0.000     0.000 1.54036E-05 1.99828E-02
  1.302E+01     0.000     0.000     0.000 1.55373E-05 1.99358E-02
  1.307E+01     0.000     0.000     0.000 1.48692E-05 2.03901E-02
  1.312E+01     0.000     0.000     0.000 1.53576E-05 2.00449E-02
  1.317E+01     0.000     0.000     0.000 1.52505E-05 2.01947E-02
  1.322E+01     0.000     0.000     0.000 1.49159E-05 2.03327E-02
  1.327E+01     0.000     0.000     0.000 1.52345E-05 2.01364E-02
  1.332E+01     0.000     0.000     0.000 1.52020E-05 2.01371E-02
  1.337E+01     0.000     0.000     0.000 1.53056E-05 2.01105E-02
  1.342E+01     0.000     0.000     0.000 1.56117E-05 1.98842E-02
  1.347E+01     0.000     0.000     0.000 1.48612E-05 2.04081E-02
  1.352E+01     0.000     0.000     0.000 1.53310E-05 2.00491E-02
  1.357E+01     0.000     0.000     0.000 1.49768E-05 2.03321E-02
  1.362E+01     0.000     0.000     0.000 1.52132E-05 2.00989E-02
  1.367E+01     0.000     0.000     0.000 1.51787E-05 2.02007E-02
  1.372E+01     0.000     0.000     0.000 1.53714E-05 2.00462E-02
  1.377E+01     0.000     0.000     0.000 1.52583E-05 2.01741E-02
  1.382E+01     0.000     0.000     0.000 1.53459E-05 2.01309E-02
  1.387E+01     0.000     0.000     0.000 1.54058E-05 2.00500E-02
  1.392E+01     0.000     0.000     0.000 1.48527E-05 2.04099E-02
  1.397E+01     0.000     0.000     0.000 1.48840E-05 2.03633E-02
  1.401E+01     0.000     0.000     0.000 1.51880E-05 2.02043E-02
  1.406E+01     0.000     0.000     0.000 1.57074E-05 1.98333E-02
  1.411E+01     0.000     0.000     0.000 1.49214E-05 2.03677E-02
  1.416E+01     0.000     0.000     0.000 1.53215E-05 2.00874E-02
  1.421E+01     0.000     0.000     0.000 1.51543E-05 2.01765E-02
  1.426E+01     0.000     0.000     0.000 1.54417E-05 2.00207E-02
  1.431E+01     0.000     0.000     0.000 1.46713E-05 2.05378E-02
  1.436E+01     0.000     0.000     0.000 1.55452E-05 1.99414E-02
  1.441E+01     0.000     0.000     0.000 1.58027E-05 1.98017E-02
  1.446E+01     0.000     0.000     0.000 1.51694E-05 2.02101E-02
  1.451E+01     0.000     0.000     0.000 1.55804E-05 1.99076E-02
  1.456E+01     0.000     0.000     0.000 1.50102E-05 2.02961E-02
  1.461E+01     0.000     0.000     0.000 1.55174E-05 1.99482E-02
  1.466E+01     0.000     0.000     0.000 1.52365E-05 2.01639E-02
  1.471E+01     0.000     0.000     0.000 1.53916E-05 2.00192E-02
  1.476E+01     0.000     0.000     0.000 1.54925E-05 1.99947E-02
  1.481E+01     0.000     0.000     0.000 1.52760E-05 2.01640E-02
  1.486E+01     0.000     0.000     0.000 1.51425E-05 2.02013E-02
  1.491E+01     0.000     0.000     0.000 1.49227E-05 2.03453E-02
  1.496E+01     0.000     0.000     0.000 1.52949E-05 2.00831E-02
  1.501E+01     0.000     0.000     0.000 1.53661E-05 2.00670E-02
  1.506E+01     0.000     0.000     0.000 1.54020E-05 2.00378E-02
  1.511E+01     0.000     0.000     0.000 1.49859E-05 2.03678E-02
  1.516E+01     0.000     0.000     0.000 1.52924E-05 2.01021E-02
  1.521E+01     0.000     0.000     0.000 1.51078E-05 2.02197E-02
  1.526E+01     0.000     0.000     0.000 1.54835E-05 2.00221E-02
  1.531E+01     0.000     0.000     0.000 1.50418E-05 2.02315E-02
  1.536E+01     0.000     0.000     0.000 1.58595E-05 1.97866E-02
  1.541E+01     0.000     0.000     0.000 1.51456E-05 2.02134E-02
  1.546E+01     0.000     0.000     0.000 1.53027E-05 2.01364E-02
  1.551E+01     0.000     0.000     0.000 1.54399E-05 1.99973E-02
  1.556E+01     0.000     0.000     0.000 1.51886E-05 2.01894E-02
  1.561E+01     0.000     0.000     0.000 1.52897E-05 2.00685E-02
  1.566E+01     0.000     0.000     0.000 1.49840E-05 2.03105E-02
  1.571E+01     0.000     0.000     0.000 1.54964E-05 1.99558E-02
  1.576E+01     0.000     0.000     0.000 1.49897E-05 2.02789E-02
  1.581E+01     0.000     0.000     0.000 1.50411E-05 2.02816E-02
  1.586E+01     0.000     0.000     0.000 1.53678E-05 2.00959E-02
  1.591E+01     0.000     0.000     0.000 1.54651E-05 2.00155E-02
  1.596E+01     0.000     0.000     0.000 1.56968E-05 1.98551E-02
  1.601E+01     0.000     0.000     0.000 1.48739E-05 2.03929E-02
  1.606E+01     0.000     0.000     0.000 1.50979E-05 2.02428E-02
  1.611E+01     0.000     0.000     0.000 1.50474E-05 2.02926E-02
  1.616E+01     0.000     0.000     0.000 1.49953E-05 2.03304E-02
  1.621E+01     0.000     0.000     0.000 1.49648E-05 2.03676E-02
  1.626E+01     0.000     0.000     0.000 1.53429E-05 2.00632E-02
  1.631E+01     0.000     0.000     0.000 1.51631E-05 2.02026E-02
  1.636E+01     0.000     0.000     0.000 1.52212E-05 2.01831E-02
  1.641E+01     0.000     0.000     0.000 1.41957E-05 2.08595E-02
  1.646E+01     0.000     0.000     0.000 1.52640E-05 2.01256E-02
  1.651E+01     0.000     0.000     0.000 1.55420E-05 1.99494E-02
  1.656E+01     0.000     0.000     0.000 1.54841E-05 2.00136E-02
  1.661E+01     0.000     0.000     0.000 1.50899E-05 2.02586E-02
  1.666E+01     0.000     0.000     0.000 1.54357E-05 2.00572E-02
  1.671E+01     0.000     0.000     0.000 1.50173E-05 2.02203E-02
  1.676E+01     0.000     0.000     0.000 1.52193E-05 2.01338E-02
  1.681E+01     0.000     0.000     0.000 1.47950E-05 2.04101E-02
  1.686E+01     0.000     0.000     0.000 1.52472E-05 2.01287E-02
  1.691E+01     0.000     0.000     0.000 1.50725E-05 2.02723E-02
  1.696E+01     0.000     0.000     0.000 1.50524E-05 2.02905E-02
  1.701E+01     0.000     0.000     0.000 1.53563E-05 2.00703E-02
  1.706E+01     0.000     0.000     0.000 1.51677E-05 2.01721E-02
  1.711E+01     0.000     0.000     0.000 1.47704E-05 2.04941E-02
  1.716E+01     0.000     0.000     0.000 1.49797E-05 2.02885E-02
  1.721E+01     0.000     0.000     0.000 1.47756E-05 2.04798E-02
  1.726E+01     0.000     0.000     0.000 1.51395E-05 2.02261E-02
  1.731E+01     0.000     0.000     0.000 1.55948E-05 1.99551E-02
  1.736E+01     0.000     0.000     0.000 1.53295E-05 2.00972E-02
  1.741E+01     0.000     0.000     0.000 1.53279E-05 2.00920E-02
  1.746E+01     0.000     0.000     0.000 1.54547E-05 2.00510E-02
  1.751E+01     0.000     0.000     0.000 1.54518E-05 2.00207E-02
  1.756E+01     0.000     0.000     0.000 1.56213E-05 1.99456E-02
  1.761E+01     0.000     0.000     0.000 1.56078E-05 1.98534E-02
  1.766E+01     0.000     0.000     0.000 1.49087E-05 2.03190E-02
  1.771E+01     0.000     0.000     0.000 1.55859E-05 1.98907E-02
  1.776E+01     0.000     0.000     0.000 1.49417E-05 2.03491E-02
  1.781E+01     0.000     0.000     0.000 1.45793E-05 2.05871E-02
  1.786E+01     0.000     0.000     0.000 1.59522E-05 1.96983E-02
  1.791E+01     0.000     0.000     0.000 1.51905E-05 2.01726E-02
  1.796E+01     0.000     0.000     0.000 1.46137E-05 2.05687E-02
  1.800E+01     0.000     0.000     0.000 1.56900E-05 1.98266E-02
  1.805E+01     0.000     0.000     0.000 1.50917E-05 2.02378E-02
  1.810E+01     0.000     0.000     0.000 1.54902E-05 1.99805E-02
  1.815E+01     0.000     0.000     0.000 1.48778E-05 2.03930E-02
  1.820E+01     0.000     0.000     0.000 1.56949E-05 1.99045E-02
  1.825E+01     0.000     0.000     0.000 1.48891E-05 2.04382E-02
  1.830E+01     0.000     0.000     0.000 1.56210E-05 1.98743E-02
  1.835E+01     0.000     0.000     0.000 1.55108E-05 1.99695E-02
  1.840E+01     0.000     0.000     0.000 1.57327E-05 1.98224E-02
  1.845E+01     0.000     0.000     0.000 1.53560E-05 2.00803E-02
  1.850E+01     0.000     0.000     0.000 1.54887E-05 1.99663E-02
  1.855E+01     0.000     0.000     0.000 1.49279E-05 2.03611E-02
  1.860E+01     0.000     0.000     0.000 1.50729E-05 2.02982E-02
  1.865E+01     0.000     0.000     0.000 1.53922E-05 2.01280E-02
  1.870E+01     0.000     0.000     0.000 1.49003E-05 2.03819E-02
  1.875E+01     0.000     0.000     0.000 1.50470E-05 2.02873E-02
  1.880E+01     0.000     0.000     0.000 1.52075E-05 2.01746E-02
  1.885E+01     0.000     0.000     0.000 1.54514E-05 2.00340E-02
  1.890E+01     0.000     0.000     0.000 1.53061E-05 2.00860E-02
  1.895E+01     0.000     0.000     0.000 1.52093E-05 2.01926E-02
  1.900E+01     0.000     0.000     0.000 1.55627E-05 1.99643E-02
  1.905E+01     0.000     0.000     0.000 1.49987E-05 2.03246E-02
  1.910E+01     0.000     0.000     0.000 1.49732E-05 2.03244E-02
  1.915E+01     0.000     0.000     0.000 1.56029E-05 1.99341E-02
  1.920E+01     0.000     0.000     0.000 1.54613E-05 2.00014E-02
  1.925E+01     0.000     0.000     0.000 1.56480E-05 1.99201E-02
  1.930E+01     0.000     0.000     0.000 1.49936E-05 2.03326E-02
  1.935E+01     0.000     0.000     0.000 1.51155E-05 2.02181E-02
  1.940E+01     0.000     0.000     0.000 1.57003E-05 1.98352E-02
  1.945E+01     0.000     0.000     0.000 1.50659E-05 2.02656E-02
  1.950E+01     0.000     0.000     0.000 1.47986E-05 2.04361E-02
  1.955E+01     0.000     0.000     0.000 1.55820E-05 1.99355E-02
  1.960E+01     0.000     0.000     0.000 1.52417E-05 2.01294E-02
  1.965E+01     0.000     0.000     0.000 1.53438E-05 2.00486E-02
  1.970E+01     0.000     0.000     0.000 1.48053E-05 2.04471E-02
  1.975E+01     0.000     0.000     0.000 1.56055E-05 1.99086E-02
  1.980E+01     0.000     0.000     0.000 1.51539E-05 2.02071E-02
  1.985E+01     0.000     0.000     0.000 1.54692E-05 2.00045E-02
  1.990E+01     0.000     0.000     0.000 1.55598E-05 1.99467E-02
  1.995E+01     0.000     0.000     0.000 1.52790E-05 2.01370E-02
  2.000E+01     0.000     0.000     0.000 1.49688E-05 2.03304E-02
   Total        0.000     0.000     0.000 6.10690E-03 1.25444E-04
