  10010  10020  DEUTERON     0- 60 MeV ;    1MeV-steps
  0.8859E-02  0.1674E-01  0.2426E-01  0.3162E-01  0.3885E-01  0.4593E-01
  0.5288E-01  0.5971E-01  0.6643E-01  0.7304E-01  0.7955E-01  0.8597E-01
  0.9231E-01  0.9856E-01  0.1047E+00  0.1109E+00  0.1169E+00  0.1229E+00
  0.1288E+00  0.1347E+00  0.1406E+00  0.1464E+00  0.1521E+00  0.1579E+00
  0.1636E+00  0.1692E+00  0.1748E+00  0.1804E+00  0.1860E+00  0.1915E+00
  0.1970E+00  0.2025E+00  0.2079E+00  0.2134E+00  0.2188E+00  0.2241E+00
  0.2295E+00  0.2348E+00  0.2400E+00  0.2453E+00  0.2505E+00  0.2557E+00
  0.2609E+00  0.2661E+00  0.2712E+00  0.2763E+00  0.2814E+00  0.2865E+00
  0.2916E+00  0.2966E+00  0.3016E+00  0.3066E+00  0.3116E+00  0.3166E+00
  0.3216E+00  0.3266E+00  0.3315E+00  0.3365E+00  0.3414E+00  0.3464E+00
  20040  10020  DEUTERON     0- 60 MeV ;    1MeV-steps
  0.1243E-01  0.2291E-01  0.3303E-01  0.4282E-01  0.5231E-01  0.6152E-01
  0.7050E-01  0.7927E-01  0.8786E-01  0.9628E-01  0.1045E+00  0.1127E+00
  0.1207E+00  0.1286E+00  0.1364E+00  0.1442E+00  0.1518E+00  0.1594E+00
  0.1669E+00  0.1744E+00  0.1818E+00  0.1891E+00  0.1964E+00  0.2036E+00
  0.2108E+00  0.2180E+00  0.2251E+00  0.2321E+00  0.2391E+00  0.2461E+00
  0.2530E+00  0.2599E+00  0.2668E+00  0.2736E+00  0.2803E+00  0.2871E+00
  0.2938E+00  0.3004E+00  0.3071E+00  0.3137E+00  0.3203E+00  0.3268E+00
  0.3333E+00  0.3398E+00  0.3463E+00  0.3527E+00  0.3591E+00  0.3655E+00
  0.3719E+00  0.3782E+00  0.3845E+00  0.3908E+00  0.3971E+00  0.4034E+00
  0.4096E+00  0.4158E+00  0.4220E+00  0.4282E+00  0.4343E+00  0.4405E+00
  30070  10020  DEUTERON     0- 60 MeV ;    1MeV-steps
  0.3649E-02  0.6639E-02  0.9445E-02  0.1215E-01  0.1476E-01  0.1729E-01
  0.1975E-01  0.2214E-01  0.2448E-01  0.2677E-01  0.2901E-01  0.3121E-01
  0.3338E-01  0.3552E-01  0.3763E-01  0.3972E-01  0.4178E-01  0.4383E-01
  0.4585E-01  0.4786E-01  0.4985E-01  0.5182E-01  0.5379E-01  0.5574E-01
  0.5767E-01  0.5960E-01  0.6151E-01  0.6341E-01  0.6530E-01  0.6718E-01
  0.6904E-01  0.7090E-01  0.7275E-01  0.7458E-01  0.7641E-01  0.7823E-01
  0.8004E-01  0.8184E-01  0.8363E-01  0.8541E-01  0.8718E-01  0.8894E-01
  0.9070E-01  0.9245E-01  0.9420E-01  0.9593E-01  0.9766E-01  0.9938E-01
  0.1011E+00  0.1028E+00  0.1045E+00  0.1062E+00  0.1079E+00  0.1096E+00
  0.1113E+00  0.1129E+00  0.1146E+00  0.1163E+00  0.1179E+00  0.1196E+00
  40090  10020  DEUTERON     0- 60 MeV ;    1MeV-steps
  0.1195E-02  0.2061E-02  0.2855E-02  0.3629E-02  0.4384E-02  0.5121E-02
  0.5839E-02  0.6541E-02  0.7227E-02  0.7897E-02  0.8554E-02  0.9198E-02
  0.9831E-02  0.1045E-01  0.1107E-01  0.1167E-01  0.1227E-01  0.1286E-01
  0.1344E-01  0.1402E-01  0.1460E-01  0.1517E-01  0.1574E-01  0.1630E-01
  0.1686E-01  0.1742E-01  0.1798E-01  0.1853E-01  0.1908E-01  0.1963E-01
  0.2018E-01  0.2072E-01  0.2126E-01  0.2180E-01  0.2233E-01  0.2286E-01
  0.2339E-01  0.2392E-01  0.2444E-01  0.2495E-01  0.2546E-01  0.2597E-01
  0.2648E-01  0.2698E-01  0.2748E-01  0.2798E-01  0.2847E-01  0.2897E-01
  0.2946E-01  0.2995E-01  0.3044E-01  0.3093E-01  0.3143E-01  0.3192E-01
  0.3241E-01  0.3291E-01  0.3340E-01  0.3390E-01  0.3440E-01  0.3490E-01
  50110  10020  DEUTERON     0- 60 MeV ;    1MeV-steps
  0.9140E-03  0.1624E-02  0.2291E-02  0.2918E-02  0.3512E-02  0.4079E-02
  0.4625E-02  0.5153E-02  0.5667E-02  0.6170E-02  0.6664E-02  0.7151E-02
  0.7633E-02  0.8110E-02  0.8583E-02  0.9054E-02  0.9521E-02  0.9986E-02
  0.1045E-01  0.1091E-01  0.1136E-01  0.1182E-01  0.1227E-01  0.1271E-01
  0.1316E-01  0.1359E-01  0.1403E-01  0.1446E-01  0.1489E-01  0.1531E-01
  0.1573E-01  0.1615E-01  0.1656E-01  0.1697E-01  0.1738E-01  0.1778E-01
  0.1818E-01  0.1858E-01  0.1898E-01  0.1938E-01  0.1977E-01  0.2017E-01
  0.2056E-01  0.2096E-01  0.2135E-01  0.2174E-01  0.2214E-01  0.2253E-01
  0.2292E-01  0.2331E-01  0.2370E-01  0.2409E-01  0.2448E-01  0.2486E-01
  0.2524E-01  0.2562E-01  0.2600E-01  0.2638E-01  0.2675E-01  0.2712E-01
  60120  10020  DEUTERON     0- 60 MeV ;    1MeV-steps
  0.9681E-03  0.1709E-02  0.2384E-02  0.3027E-02  0.3642E-02  0.4234E-02
  0.4806E-02  0.5361E-02  0.5903E-02  0.6432E-02  0.6951E-02  0.7462E-02
  0.7966E-02  0.8464E-02  0.8956E-02  0.9444E-02  0.9927E-02  0.1041E-01
  0.1088E-01  0.1135E-01  0.1182E-01  0.1229E-01  0.1275E-01  0.1321E-01
  0.1367E-01  0.1412E-01  0.1457E-01  0.1501E-01  0.1545E-01  0.1589E-01
  0.1633E-01  0.1676E-01  0.1719E-01  0.1761E-01  0.1803E-01  0.1845E-01
  0.1887E-01  0.1928E-01  0.1969E-01  0.2010E-01  0.2051E-01  0.2092E-01
  0.2132E-01  0.2173E-01  0.2213E-01  0.2253E-01  0.2293E-01  0.2333E-01
  0.2373E-01  0.2413E-01  0.2453E-01  0.2493E-01  0.2533E-01  0.2573E-01
  0.2613E-01  0.2653E-01  0.2692E-01  0.2731E-01  0.2771E-01  0.2809E-01
  70140  10020  DEUTERON     0- 60 MeV ;    1MeV-steps
  0.2903E-02  0.4797E-02  0.6461E-02  0.8073E-02  0.9641E-02  0.1117E-01
  0.1266E-01  0.1411E-01  0.1554E-01  0.1694E-01  0.1832E-01  0.1968E-01
  0.2101E-01  0.2233E-01  0.2363E-01  0.2491E-01  0.2619E-01  0.2744E-01
  0.2869E-01  0.2993E-01  0.3115E-01  0.3236E-01  0.3357E-01  0.3476E-01
  0.3595E-01  0.3713E-01  0.3830E-01  0.3946E-01  0.4061E-01  0.4176E-01
  0.4290E-01  0.4403E-01  0.4516E-01  0.4628E-01  0.4739E-01  0.4850E-01
  0.4960E-01  0.5070E-01  0.5179E-01  0.5288E-01  0.5396E-01  0.5504E-01
  0.5612E-01  0.5718E-01  0.5825E-01  0.5931E-01  0.6037E-01  0.6142E-01
  0.6247E-01  0.6352E-01  0.6456E-01  0.6560E-01  0.6663E-01  0.6767E-01
  0.6869E-01  0.6972E-01  0.7073E-01  0.7175E-01  0.7276E-01  0.7377E-01
  80160  10020  DEUTERON     0- 60 MeV ;    1MeV-steps
  0.2190E-02  0.3507E-02  0.4754E-02  0.5950E-02  0.7102E-02  0.8216E-02
  0.9297E-02  0.1035E-01  0.1138E-01  0.1239E-01  0.1338E-01  0.1435E-01
  0.1531E-01  0.1626E-01  0.1719E-01  0.1812E-01  0.1903E-01  0.1994E-01
  0.2084E-01  0.2173E-01  0.2261E-01  0.2349E-01  0.2435E-01  0.2522E-01
  0.2607E-01  0.2692E-01  0.2777E-01  0.2860E-01  0.2944E-01  0.3026E-01
  0.3109E-01  0.3190E-01  0.3271E-01  0.3352E-01  0.3433E-01  0.3513E-01
  0.3593E-01  0.3672E-01  0.3751E-01  0.3830E-01  0.3908E-01  0.3987E-01
  0.4064E-01  0.4142E-01  0.4219E-01  0.4296E-01  0.4373E-01  0.4449E-01
  0.4525E-01  0.4600E-01  0.4675E-01  0.4750E-01  0.4823E-01  0.4897E-01
  0.4970E-01  0.5042E-01  0.5114E-01  0.5185E-01  0.5255E-01  0.5326E-01
  90190  10020  DEUTERON     0- 60 MeV ;    1MeV-steps
  0.2689E-02  0.4133E-02  0.5437E-02  0.6719E-02  0.7979E-02  0.9215E-02
  0.1043E-01  0.1162E-01  0.1278E-01  0.1392E-01  0.1504E-01  0.1615E-01
  0.1723E-01  0.1829E-01  0.1934E-01  0.2037E-01  0.2139E-01  0.2240E-01
  0.2340E-01  0.2439E-01  0.2537E-01  0.2634E-01  0.2730E-01  0.2826E-01
  0.2921E-01  0.3016E-01  0.3110E-01  0.3203E-01  0.3296E-01  0.3389E-01
  0.3481E-01  0.3572E-01  0.3663E-01  0.3753E-01  0.3843E-01  0.3932E-01
  0.4021E-01  0.4108E-01  0.4196E-01  0.4282E-01  0.4368E-01  0.4454E-01
  0.4538E-01  0.4623E-01  0.4706E-01  0.4790E-01  0.4873E-01  0.4956E-01
  0.5038E-01  0.5120E-01  0.5203E-01  0.5285E-01  0.5367E-01  0.5450E-01
  0.5533E-01  0.5616E-01  0.5699E-01  0.5782E-01  0.5865E-01  0.5949E-01
 100200  10020  DEUTERON     0- 60 MeV ;    1MeV-steps
  0.2357E-02  0.3696E-02  0.4990E-02  0.6231E-02  0.7426E-02  0.8579E-02
  0.9696E-02  0.1078E-01  0.1184E-01  0.1287E-01  0.1388E-01  0.1487E-01
  0.1584E-01  0.1680E-01  0.1774E-01  0.1867E-01  0.1960E-01  0.2051E-01
  0.2141E-01  0.2231E-01  0.2320E-01  0.2408E-01  0.2496E-01  0.2583E-01
  0.2669E-01  0.2755E-01  0.2840E-01  0.2925E-01  0.3009E-01  0.3092E-01
  0.3175E-01  0.3258E-01  0.3340E-01  0.3421E-01  0.3502E-01  0.3582E-01
  0.3662E-01  0.3742E-01  0.3821E-01  0.3899E-01  0.3977E-01  0.4055E-01
  0.4132E-01  0.4209E-01  0.4286E-01  0.4362E-01  0.4439E-01  0.4514E-01
  0.4590E-01  0.4665E-01  0.4741E-01  0.4816E-01  0.4891E-01  0.4965E-01
  0.5040E-01  0.5114E-01  0.5188E-01  0.5261E-01  0.5335E-01  0.5408E-01
 110230  10020  DEUTERON     0- 60 MeV ;    1MeV-steps
  0.2704E-02  0.4735E-02  0.6521E-02  0.8204E-02  0.9801E-02  0.1133E-01
  0.1279E-01  0.1420E-01  0.1557E-01  0.1690E-01  0.1821E-01  0.1949E-01
  0.2074E-01  0.2198E-01  0.2321E-01  0.2442E-01  0.2562E-01  0.2680E-01
  0.2798E-01  0.2915E-01  0.3031E-01  0.3146E-01  0.3260E-01  0.3373E-01
  0.3485E-01  0.3597E-01  0.3707E-01  0.3817E-01  0.3926E-01  0.4033E-01
  0.4141E-01  0.4247E-01  0.4353E-01  0.4457E-01  0.4562E-01  0.4665E-01
  0.4768E-01  0.4871E-01  0.4973E-01  0.5075E-01  0.5176E-01  0.5277E-01
  0.5377E-01  0.5478E-01  0.5578E-01  0.5677E-01  0.5777E-01  0.5876E-01
  0.5974E-01  0.6073E-01  0.6171E-01  0.6268E-01  0.6365E-01  0.6461E-01
  0.6558E-01  0.6652E-01  0.6747E-01  0.6841E-01  0.6933E-01  0.7025E-01
 120240  10020  DEUTERON     0- 60 MeV ;    1MeV-steps
  0.1698E-02  0.2706E-02  0.3636E-02  0.4530E-02  0.5389E-02  0.6217E-02
  0.7018E-02  0.7795E-02  0.8549E-02  0.9284E-02  0.1000E-01  0.1070E-01
  0.1139E-01  0.1207E-01  0.1273E-01  0.1339E-01  0.1404E-01  0.1468E-01
  0.1531E-01  0.1594E-01  0.1657E-01  0.1719E-01  0.1780E-01  0.1841E-01
  0.1902E-01  0.1962E-01  0.2022E-01  0.2082E-01  0.2142E-01  0.2201E-01
  0.2260E-01  0.2318E-01  0.2377E-01  0.2435E-01  0.2492E-01  0.2550E-01
  0.2607E-01  0.2663E-01  0.2720E-01  0.2775E-01  0.2831E-01  0.2886E-01
  0.2941E-01  0.2996E-01  0.3050E-01  0.3104E-01  0.3157E-01  0.3210E-01
  0.3263E-01  0.3316E-01  0.3368E-01  0.3421E-01  0.3473E-01  0.3524E-01
  0.3576E-01  0.3627E-01  0.3679E-01  0.3730E-01  0.3781E-01  0.3832E-01
 130270  10020  DEUTERON     0- 60 MeV ;    1MeV-steps
  0.1122E-02  0.1815E-02  0.2430E-02  0.3022E-02  0.3594E-02  0.4146E-02
  0.4682E-02  0.5202E-02  0.5708E-02  0.6201E-02  0.6684E-02  0.7156E-02
  0.7619E-02  0.8074E-02  0.8521E-02  0.8963E-02  0.9398E-02  0.9829E-02
  0.1025E-01  0.1068E-01  0.1109E-01  0.1151E-01  0.1192E-01  0.1233E-01
  0.1273E-01  0.1314E-01  0.1354E-01  0.1394E-01  0.1433E-01  0.1473E-01
  0.1512E-01  0.1551E-01  0.1590E-01  0.1628E-01  0.1667E-01  0.1705E-01
  0.1743E-01  0.1780E-01  0.1817E-01  0.1855E-01  0.1891E-01  0.1928E-01
  0.1964E-01  0.2000E-01  0.2036E-01  0.2072E-01  0.2107E-01  0.2142E-01
  0.2177E-01  0.2212E-01  0.2246E-01  0.2280E-01  0.2315E-01  0.2349E-01
  0.2383E-01  0.2417E-01  0.2451E-01  0.2485E-01  0.2519E-01  0.2553E-01
 140280  10020  DEUTERON     0- 60 MeV ;    1MeV-steps
  0.1257E-02  0.2069E-02  0.2775E-02  0.3451E-02  0.4099E-02  0.4724E-02
  0.5328E-02  0.5914E-02  0.6482E-02  0.7037E-02  0.7578E-02  0.8109E-02
  0.8629E-02  0.9140E-02  0.9644E-02  0.1014E-01  0.1063E-01  0.1111E-01
  0.1159E-01  0.1207E-01  0.1254E-01  0.1300E-01  0.1346E-01  0.1392E-01
  0.1438E-01  0.1483E-01  0.1528E-01  0.1573E-01  0.1617E-01  0.1661E-01
  0.1705E-01  0.1749E-01  0.1792E-01  0.1835E-01  0.1878E-01  0.1921E-01
  0.1963E-01  0.2005E-01  0.2047E-01  0.2089E-01  0.2131E-01  0.2172E-01
  0.2214E-01  0.2255E-01  0.2296E-01  0.2336E-01  0.2377E-01  0.2417E-01
  0.2457E-01  0.2497E-01  0.2537E-01  0.2576E-01  0.2615E-01  0.2654E-01
  0.2693E-01  0.2731E-01  0.2770E-01  0.2808E-01  0.2846E-01  0.2883E-01
 150310  10020  DEUTERON     0- 60 MeV ;    1MeV-steps
  0.1586E-02  0.2628E-02  0.3612E-02  0.4537E-02  0.5412E-02  0.6245E-02
  0.7042E-02  0.7808E-02  0.8550E-02  0.9270E-02  0.9974E-02  0.1066E-01
  0.1134E-01  0.1201E-01  0.1266E-01  0.1332E-01  0.1396E-01  0.1460E-01
  0.1524E-01  0.1587E-01  0.1650E-01  0.1712E-01  0.1774E-01  0.1835E-01
  0.1897E-01  0.1957E-01  0.2017E-01  0.2077E-01  0.2137E-01  0.2195E-01
  0.2254E-01  0.2312E-01  0.2369E-01  0.2426E-01  0.2483E-01  0.2539E-01
  0.2595E-01  0.2650E-01  0.2705E-01  0.2760E-01  0.2814E-01  0.2868E-01
  0.2922E-01  0.2975E-01  0.3028E-01  0.3081E-01  0.3133E-01  0.3186E-01
  0.3238E-01  0.3290E-01  0.3342E-01  0.3394E-01  0.3446E-01  0.3497E-01
  0.3548E-01  0.3599E-01  0.3651E-01  0.3702E-01  0.3753E-01  0.3803E-01
 160320  10020  DEUTERON     0- 60 MeV ;    1MeV-steps
  0.1288E-02  0.2271E-02  0.3131E-02  0.3937E-02  0.4697E-02  0.5419E-02
  0.6108E-02  0.6770E-02  0.7410E-02  0.8032E-02  0.8639E-02  0.9233E-02
  0.9817E-02  0.1039E-01  0.1096E-01  0.1152E-01  0.1208E-01  0.1264E-01
  0.1318E-01  0.1373E-01  0.1427E-01  0.1481E-01  0.1534E-01  0.1587E-01
  0.1640E-01  0.1692E-01  0.1743E-01  0.1795E-01  0.1846E-01  0.1896E-01
  0.1946E-01  0.1996E-01  0.2045E-01  0.2094E-01  0.2143E-01  0.2191E-01
  0.2239E-01  0.2287E-01  0.2334E-01  0.2381E-01  0.2428E-01  0.2475E-01
  0.2521E-01  0.2568E-01  0.2614E-01  0.2660E-01  0.2705E-01  0.2751E-01
  0.2796E-01  0.2842E-01  0.2887E-01  0.2932E-01  0.2976E-01  0.3021E-01
  0.3065E-01  0.3109E-01  0.3152E-01  0.3195E-01  0.3238E-01  0.3281E-01
 170350  10020  DEUTERON     0- 60 MeV ;    1MeV-steps
  0.1766E-02  0.2723E-02  0.3612E-02  0.4459E-02  0.5271E-02  0.6052E-02
  0.6807E-02  0.7539E-02  0.8252E-02  0.8950E-02  0.9633E-02  0.1030E-01
  0.1097E-01  0.1162E-01  0.1226E-01  0.1290E-01  0.1353E-01  0.1415E-01
  0.1477E-01  0.1538E-01  0.1599E-01  0.1659E-01  0.1719E-01  0.1778E-01
  0.1837E-01  0.1895E-01  0.1953E-01  0.2010E-01  0.2067E-01  0.2123E-01
  0.2179E-01  0.2235E-01  0.2290E-01  0.2344E-01  0.2399E-01  0.2453E-01
  0.2507E-01  0.2560E-01  0.2613E-01  0.2666E-01  0.2719E-01  0.2771E-01
  0.2824E-01  0.2876E-01  0.2928E-01  0.2980E-01  0.3032E-01  0.3084E-01
  0.3135E-01  0.3187E-01  0.3238E-01  0.3289E-01  0.3340E-01  0.3391E-01
  0.3441E-01  0.3492E-01  0.3541E-01  0.3591E-01  0.3640E-01  0.3688E-01
 180400  10020  DEUTERON     0- 60 MeV ;    1MeV-steps
  0.1987E-02  0.3332E-02  0.4535E-02  0.5660E-02  0.6720E-02  0.7727E-02
  0.8690E-02  0.9617E-02  0.1051E-01  0.1139E-01  0.1224E-01  0.1308E-01
  0.1390E-01  0.1471E-01  0.1552E-01  0.1631E-01  0.1710E-01  0.1788E-01
  0.1865E-01  0.1942E-01  0.2018E-01  0.2093E-01  0.2168E-01  0.2242E-01
  0.2315E-01  0.2388E-01  0.2460E-01  0.2531E-01  0.2602E-01  0.2672E-01
  0.2742E-01  0.2811E-01  0.2879E-01  0.2947E-01  0.3014E-01  0.3081E-01
  0.3148E-01  0.3215E-01  0.3281E-01  0.3347E-01  0.3412E-01  0.3478E-01
  0.3543E-01  0.3608E-01  0.3673E-01  0.3738E-01  0.3803E-01  0.3867E-01
  0.3932E-01  0.3996E-01  0.4059E-01  0.4122E-01  0.4185E-01  0.4248E-01
  0.4309E-01  0.4371E-01  0.4431E-01  0.4491E-01  0.4551E-01  0.4610E-01
 190390  10020  DEUTERON     0- 60 MeV ;    1MeV-steps
  0.3321E-02  0.5722E-02  0.7792E-02  0.9760E-02  0.1164E-01  0.1344E-01
  0.1516E-01  0.1683E-01  0.1844E-01  0.2001E-01  0.2154E-01  0.2303E-01
  0.2449E-01  0.2592E-01  0.2734E-01  0.2873E-01  0.3011E-01  0.3147E-01
  0.3282E-01  0.3416E-01  0.3549E-01  0.3681E-01  0.3812E-01  0.3942E-01
  0.4072E-01  0.4200E-01  0.4328E-01  0.4456E-01  0.4582E-01  0.4708E-01
  0.4833E-01  0.4956E-01  0.5080E-01  0.5202E-01  0.5323E-01  0.5443E-01
  0.5563E-01  0.5681E-01  0.5799E-01  0.5915E-01  0.6031E-01  0.6146E-01
  0.6260E-01  0.6374E-01  0.6487E-01  0.6599E-01  0.6711E-01  0.6823E-01
  0.6934E-01  0.7045E-01  0.7155E-01  0.7266E-01  0.7376E-01  0.7487E-01
  0.7597E-01  0.7707E-01  0.7818E-01  0.7928E-01  0.8038E-01  0.8148E-01
 200400  10020  DEUTERON     0- 60 MeV ;    1MeV-steps
  0.1928E-02  0.3235E-02  0.4339E-02  0.5394E-02  0.6405E-02  0.7378E-02
  0.8317E-02  0.9226E-02  0.1011E-01  0.1097E-01  0.1181E-01  0.1263E-01
  0.1343E-01  0.1422E-01  0.1500E-01  0.1577E-01  0.1652E-01  0.1727E-01
  0.1801E-01  0.1874E-01  0.1947E-01  0.2019E-01  0.2090E-01  0.2161E-01
  0.2231E-01  0.2300E-01  0.2369E-01  0.2438E-01  0.2506E-01  0.2574E-01
  0.2641E-01  0.2708E-01  0.2775E-01  0.2841E-01  0.2906E-01  0.2972E-01
  0.3037E-01  0.3101E-01  0.3165E-01  0.3229E-01  0.3293E-01  0.3356E-01
  0.3419E-01  0.3482E-01  0.3544E-01  0.3607E-01  0.3669E-01  0.3731E-01
  0.3792E-01  0.3853E-01  0.3915E-01  0.3976E-01  0.4036E-01  0.4097E-01
  0.4157E-01  0.4217E-01  0.4277E-01  0.4336E-01  0.4395E-01  0.4453E-01
 210450  10020  DEUTERON     0- 60 MeV ;    1MeV-steps
  0.1121E-02  0.1882E-02  0.2519E-02  0.3122E-02  0.3697E-02  0.4248E-02
  0.4777E-02  0.5289E-02  0.5786E-02  0.6270E-02  0.6743E-02  0.7206E-02
  0.7662E-02  0.8110E-02  0.8552E-02  0.8988E-02  0.9419E-02  0.9844E-02
  0.1027E-01  0.1068E-01  0.1109E-01  0.1150E-01  0.1191E-01  0.1231E-01
  0.1270E-01  0.1309E-01  0.1348E-01  0.1387E-01  0.1425E-01  0.1463E-01
  0.1500E-01  0.1537E-01  0.1574E-01  0.1611E-01  0.1648E-01  0.1684E-01
  0.1720E-01  0.1756E-01  0.1792E-01  0.1828E-01  0.1863E-01  0.1899E-01
  0.1934E-01  0.1970E-01  0.2005E-01  0.2041E-01  0.2076E-01  0.2111E-01
  0.2147E-01  0.2182E-01  0.2217E-01  0.2252E-01  0.2287E-01  0.2321E-01
  0.2356E-01  0.2390E-01  0.2424E-01  0.2457E-01  0.2491E-01  0.2523E-01
 220480  10020  DEUTERON     0- 60 MeV ;    1MeV-steps
  0.8066E-03  0.1317E-02  0.1760E-02  0.2180E-02  0.2578E-02  0.2958E-02
  0.3321E-02  0.3670E-02  0.4006E-02  0.4332E-02  0.4647E-02  0.4955E-02
  0.5257E-02  0.5552E-02  0.5843E-02  0.6131E-02  0.6415E-02  0.6696E-02
  0.6975E-02  0.7253E-02  0.7529E-02  0.7804E-02  0.8078E-02  0.8351E-02
  0.8623E-02  0.8893E-02  0.9162E-02  0.9430E-02  0.9696E-02  0.9961E-02
  0.1022E-01  0.1048E-01  0.1074E-01  0.1100E-01  0.1125E-01  0.1150E-01
  0.1175E-01  0.1200E-01  0.1224E-01  0.1248E-01  0.1272E-01  0.1295E-01
  0.1319E-01  0.1342E-01  0.1365E-01  0.1388E-01  0.1410E-01  0.1433E-01
  0.1456E-01  0.1479E-01  0.1501E-01  0.1524E-01  0.1547E-01  0.1570E-01
  0.1594E-01  0.1617E-01  0.1641E-01  0.1664E-01  0.1688E-01  0.1711E-01
 230510  10020  DEUTERON     0- 60 MeV ;    1MeV-steps
  0.6190E-03  0.1005E-02  0.1341E-02  0.1657E-02  0.1957E-02  0.2242E-02
  0.2515E-02  0.2778E-02  0.3033E-02  0.3281E-02  0.3522E-02  0.3759E-02
  0.3992E-02  0.4221E-02  0.4447E-02  0.4670E-02  0.4890E-02  0.5107E-02
  0.5323E-02  0.5536E-02  0.5748E-02  0.5957E-02  0.6165E-02  0.6371E-02
  0.6575E-02  0.6777E-02  0.6978E-02  0.7178E-02  0.7376E-02  0.7573E-02
  0.7768E-02  0.7963E-02  0.8157E-02  0.8349E-02  0.8541E-02  0.8732E-02
  0.8923E-02  0.9112E-02  0.9301E-02  0.9490E-02  0.9677E-02  0.9864E-02
  0.1005E-01  0.1023E-01  0.1042E-01  0.1060E-01  0.1078E-01  0.1096E-01
  0.1113E-01  0.1131E-01  0.1148E-01  0.1165E-01  0.1181E-01  0.1198E-01
  0.1214E-01  0.1230E-01  0.1245E-01  0.1261E-01  0.1276E-01  0.1291E-01
 240520  10020  DEUTERON     0- 60 MeV ;    1MeV-steps
  0.5461E-03  0.8685E-03  0.1139E-02  0.1399E-02  0.1649E-02  0.1891E-02
  0.2123E-02  0.2348E-02  0.2566E-02  0.2778E-02  0.2983E-02  0.3183E-02
  0.3379E-02  0.3571E-02  0.3759E-02  0.3945E-02  0.4128E-02  0.4309E-02
  0.4489E-02  0.4667E-02  0.4844E-02  0.5020E-02  0.5195E-02  0.5369E-02
  0.5542E-02  0.5715E-02  0.5886E-02  0.6057E-02  0.6226E-02  0.6394E-02
  0.6561E-02  0.6727E-02  0.6891E-02  0.7053E-02  0.7213E-02  0.7372E-02
  0.7529E-02  0.7684E-02  0.7837E-02  0.7989E-02  0.8139E-02  0.8287E-02
  0.8434E-02  0.8581E-02  0.8726E-02  0.8871E-02  0.9016E-02  0.9162E-02
  0.9308E-02  0.9455E-02  0.9603E-02  0.9753E-02  0.9904E-02  0.1006E-01
  0.1021E-01  0.1037E-01  0.1053E-01  0.1069E-01  0.1085E-01  0.1101E-01
 250550  10020  DEUTERON     0- 60 MeV ;    1MeV-steps
  0.5637E-03  0.8892E-03  0.1141E-02  0.1389E-02  0.1632E-02  0.1869E-02
  0.2100E-02  0.2325E-02  0.2543E-02  0.2755E-02  0.2960E-02  0.3161E-02
  0.3356E-02  0.3547E-02  0.3733E-02  0.3916E-02  0.4096E-02  0.4273E-02
  0.4447E-02  0.4620E-02  0.4792E-02  0.4962E-02  0.5132E-02  0.5300E-02
  0.5468E-02  0.5636E-02  0.5803E-02  0.5969E-02  0.6135E-02  0.6301E-02
  0.6465E-02  0.6629E-02  0.6792E-02  0.6954E-02  0.7115E-02  0.7274E-02
  0.7432E-02  0.7589E-02  0.7743E-02  0.7896E-02  0.8048E-02  0.8198E-02
  0.8346E-02  0.8493E-02  0.8638E-02  0.8783E-02  0.8927E-02  0.9070E-02
  0.9213E-02  0.9356E-02  0.9500E-02  0.9644E-02  0.9789E-02  0.9936E-02
  0.1008E-01  0.1023E-01  0.1038E-01  0.1053E-01  0.1069E-01  0.1084E-01
 260560  10020  DEUTERON     0- 60 MeV ;    1MeV-steps
  0.5118E-03  0.8211E-03  0.1074E-02  0.1315E-02  0.1545E-02  0.1765E-02
  0.1977E-02  0.2182E-02  0.2381E-02  0.2574E-02  0.2763E-02  0.2948E-02
  0.3129E-02  0.3307E-02  0.3482E-02  0.3654E-02  0.3824E-02  0.3992E-02
  0.4157E-02  0.4321E-02  0.4483E-02  0.4644E-02  0.4803E-02  0.4960E-02
  0.5116E-02  0.5271E-02  0.5424E-02  0.5577E-02  0.5728E-02  0.5879E-02
  0.6028E-02  0.6177E-02  0.6325E-02  0.6472E-02  0.6619E-02  0.6765E-02
  0.6910E-02  0.7055E-02  0.7199E-02  0.7342E-02  0.7485E-02  0.7627E-02
  0.7768E-02  0.7908E-02  0.8047E-02  0.8186E-02  0.8323E-02  0.8459E-02
  0.8594E-02  0.8727E-02  0.8860E-02  0.8990E-02  0.9120E-02  0.9248E-02
  0.9375E-02  0.9501E-02  0.9626E-02  0.9751E-02  0.9877E-02  0.1000E-01
 270590  10020  DEUTERON     0- 60 MeV ;    1MeV-steps
  0.4805E-03  0.7521E-03  0.1000E-02  0.1229E-02  0.1442E-02  0.1643E-02
  0.1834E-02  0.2017E-02  0.2193E-02  0.2365E-02  0.2533E-02  0.2697E-02
  0.2860E-02  0.3020E-02  0.3179E-02  0.3336E-02  0.3492E-02  0.3646E-02
  0.3798E-02  0.3950E-02  0.4099E-02  0.4247E-02  0.4393E-02  0.4538E-02
  0.4680E-02  0.4822E-02  0.4961E-02  0.5099E-02  0.5235E-02  0.5370E-02
  0.5503E-02  0.5636E-02  0.5768E-02  0.5898E-02  0.6029E-02  0.6159E-02
  0.6288E-02  0.6417E-02  0.6547E-02  0.6676E-02  0.6806E-02  0.6935E-02
  0.7065E-02  0.7194E-02  0.7323E-02  0.7453E-02  0.7581E-02  0.7709E-02
  0.7836E-02  0.7961E-02  0.8086E-02  0.8208E-02  0.8329E-02  0.8447E-02
  0.8562E-02  0.8677E-02  0.8787E-02  0.8898E-02  0.9006E-02  0.9114E-02
 280580  10020  DEUTERON     0- 60 MeV ;    1MeV-steps
  0.5149E-03  0.7630E-03  0.9935E-03  0.1209E-02  0.1413E-02  0.1607E-02
  0.1792E-02  0.1970E-02  0.2142E-02  0.2309E-02  0.2472E-02  0.2632E-02
  0.2790E-02  0.2945E-02  0.3098E-02  0.3249E-02  0.3399E-02  0.3548E-02
  0.3695E-02  0.3841E-02  0.3986E-02  0.4129E-02  0.4272E-02  0.4413E-02
  0.4552E-02  0.4691E-02  0.4828E-02  0.4964E-02  0.5099E-02  0.5233E-02
  0.5365E-02  0.5496E-02  0.5626E-02  0.5755E-02  0.5883E-02  0.6010E-02
  0.6136E-02  0.6262E-02  0.6386E-02  0.6510E-02  0.6633E-02  0.6755E-02
  0.6877E-02  0.6998E-02  0.7118E-02  0.7238E-02  0.7357E-02  0.7476E-02
  0.7593E-02  0.7710E-02  0.7826E-02  0.7942E-02  0.8056E-02  0.8169E-02
  0.8281E-02  0.8394E-02  0.8505E-02  0.8616E-02  0.8725E-02  0.8836E-02
 290630  10020  DEUTERON     0- 60 MeV ;    1MeV-steps
  0.5641E-03  0.8244E-03  0.1049E-02  0.1266E-02  0.1476E-02  0.1679E-02
  0.1876E-02  0.2066E-02  0.2250E-02  0.2430E-02  0.2604E-02  0.2774E-02
  0.2941E-02  0.3103E-02  0.3263E-02  0.3419E-02  0.3573E-02  0.3725E-02
  0.3875E-02  0.4023E-02  0.4170E-02  0.4315E-02  0.4460E-02  0.4603E-02
  0.4745E-02  0.4887E-02  0.5028E-02  0.5168E-02  0.5307E-02  0.5446E-02
  0.5584E-02  0.5722E-02  0.5859E-02  0.5995E-02  0.6131E-02  0.6266E-02
  0.6400E-02  0.6534E-02  0.6667E-02  0.6799E-02  0.6931E-02  0.7061E-02
  0.7192E-02  0.7321E-02  0.7450E-02  0.7578E-02  0.7706E-02  0.7833E-02
  0.7960E-02  0.8086E-02  0.8212E-02  0.8338E-02  0.8464E-02  0.8589E-02
  0.8713E-02  0.8838E-02  0.8962E-02  0.9085E-02  0.9207E-02  0.9328E-02
 300640  10020  DEUTERON     0- 60 MeV ;    1MeV-steps
  0.6773E-03  0.1018E-02  0.1338E-02  0.1630E-02  0.1901E-02  0.2154E-02
  0.2394E-02  0.2624E-02  0.2846E-02  0.3063E-02  0.3276E-02  0.3486E-02
  0.3694E-02  0.3900E-02  0.4105E-02  0.4308E-02  0.4510E-02  0.4710E-02
  0.4909E-02  0.5105E-02  0.5299E-02  0.5491E-02  0.5680E-02  0.5866E-02
  0.6049E-02  0.6229E-02  0.6406E-02  0.6580E-02  0.6751E-02  0.6919E-02
  0.7085E-02  0.7250E-02  0.7412E-02  0.7573E-02  0.7732E-02  0.7891E-02
  0.8050E-02  0.8209E-02  0.8368E-02  0.8527E-02  0.8687E-02  0.8848E-02
  0.9010E-02  0.9173E-02  0.9337E-02  0.9502E-02  0.9666E-02  0.9832E-02
  0.9997E-02  0.1016E-01  0.1033E-01  0.1049E-01  0.1065E-01  0.1080E-01
  0.1096E-01  0.1111E-01  0.1126E-01  0.1140E-01  0.1154E-01  0.1168E-01
 310690  10020  DEUTERON     0- 60 MeV ;    1MeV-steps
  0.8817E-03  0.1260E-02  0.1652E-02  0.2013E-02  0.2349E-02  0.2665E-02
  0.2964E-02  0.3251E-02  0.3528E-02  0.3797E-02  0.4060E-02  0.4319E-02
  0.4574E-02  0.4826E-02  0.5075E-02  0.5323E-02  0.5569E-02  0.5813E-02
  0.6055E-02  0.6296E-02  0.6534E-02  0.6770E-02  0.7004E-02  0.7235E-02
  0.7464E-02  0.7690E-02  0.7913E-02  0.8134E-02  0.8352E-02  0.8567E-02
  0.8779E-02  0.8990E-02  0.9198E-02  0.9404E-02  0.9608E-02  0.9811E-02
  0.1001E-01  0.1021E-01  0.1041E-01  0.1061E-01  0.1081E-01  0.1101E-01
  0.1121E-01  0.1141E-01  0.1161E-01  0.1181E-01  0.1201E-01  0.1221E-01
  0.1241E-01  0.1261E-01  0.1281E-01  0.1301E-01  0.1320E-01  0.1340E-01
  0.1359E-01  0.1378E-01  0.1397E-01  0.1416E-01  0.1434E-01  0.1452E-01
 320740  10020  DEUTERON     0- 60 MeV ;    1MeV-steps
  0.9402E-03  0.1420E-02  0.1838E-02  0.2233E-02  0.2608E-02  0.2965E-02
  0.3308E-02  0.3638E-02  0.3956E-02  0.4265E-02  0.4566E-02  0.4860E-02
  0.5148E-02  0.5431E-02  0.5710E-02  0.5985E-02  0.6257E-02  0.6527E-02
  0.6794E-02  0.7059E-02  0.7322E-02  0.7584E-02  0.7843E-02  0.8100E-02
  0.8356E-02  0.8609E-02  0.8861E-02  0.9110E-02  0.9357E-02  0.9601E-02
  0.9843E-02  0.1008E-01  0.1032E-01  0.1055E-01  0.1078E-01  0.1101E-01
  0.1124E-01  0.1147E-01  0.1169E-01  0.1191E-01  0.1213E-01  0.1234E-01
  0.1256E-01  0.1278E-01  0.1299E-01  0.1321E-01  0.1342E-01  0.1364E-01
  0.1385E-01  0.1407E-01  0.1429E-01  0.1451E-01  0.1473E-01  0.1496E-01
  0.1518E-01  0.1541E-01  0.1564E-01  0.1587E-01  0.1609E-01  0.1632E-01
 330750  10020  DEUTERON     0- 60 MeV ;    1MeV-steps
  0.8794E-03  0.1345E-02  0.1756E-02  0.2137E-02  0.2493E-02  0.2830E-02
  0.3150E-02  0.3456E-02  0.3752E-02  0.4038E-02  0.4318E-02  0.4592E-02
  0.4861E-02  0.5126E-02  0.5387E-02  0.5646E-02  0.5902E-02  0.6156E-02
  0.6407E-02  0.6656E-02  0.6902E-02  0.7146E-02  0.7388E-02  0.7627E-02
  0.7864E-02  0.8098E-02  0.8330E-02  0.8560E-02  0.8788E-02  0.9013E-02
  0.9237E-02  0.9458E-02  0.9678E-02  0.9897E-02  0.1011E-01  0.1033E-01
  0.1054E-01  0.1076E-01  0.1097E-01  0.1119E-01  0.1140E-01  0.1161E-01
  0.1182E-01  0.1204E-01  0.1225E-01  0.1246E-01  0.1267E-01  0.1288E-01
  0.1309E-01  0.1329E-01  0.1350E-01  0.1370E-01  0.1390E-01  0.1410E-01
  0.1430E-01  0.1449E-01  0.1468E-01  0.1487E-01  0.1505E-01  0.1523E-01
 340800  10020  DEUTERON     0- 60 MeV ;    1MeV-steps
  0.1102E-02  0.1674E-02  0.2160E-02  0.2620E-02  0.3056E-02  0.3472E-02
  0.3869E-02  0.4251E-02  0.4619E-02  0.4975E-02  0.5321E-02  0.5658E-02
  0.5988E-02  0.6311E-02  0.6629E-02  0.6942E-02  0.7251E-02  0.7556E-02
  0.7859E-02  0.8159E-02  0.8456E-02  0.8752E-02  0.9045E-02  0.9336E-02
  0.9626E-02  0.9913E-02  0.1020E-01  0.1048E-01  0.1076E-01  0.1104E-01
  0.1132E-01  0.1159E-01  0.1187E-01  0.1214E-01  0.1240E-01  0.1267E-01
  0.1293E-01  0.1319E-01  0.1345E-01  0.1371E-01  0.1396E-01  0.1421E-01
  0.1447E-01  0.1472E-01  0.1496E-01  0.1521E-01  0.1546E-01  0.1571E-01
  0.1596E-01  0.1620E-01  0.1645E-01  0.1670E-01  0.1695E-01  0.1720E-01
  0.1745E-01  0.1770E-01  0.1795E-01  0.1820E-01  0.1845E-01  0.1870E-01
 350790  10020  DEUTERON     0- 60 MeV ;    1MeV-steps
  0.1835E-02  0.2660E-02  0.3336E-02  0.3983E-02  0.4604E-02  0.5201E-02
  0.5779E-02  0.6339E-02  0.6883E-02  0.7413E-02  0.7931E-02  0.8438E-02
  0.8935E-02  0.9423E-02  0.9904E-02  0.1038E-01  0.1085E-01  0.1131E-01
  0.1176E-01  0.1221E-01  0.1266E-01  0.1310E-01  0.1354E-01  0.1398E-01
  0.1441E-01  0.1484E-01  0.1526E-01  0.1568E-01  0.1610E-01  0.1652E-01
  0.1693E-01  0.1734E-01  0.1774E-01  0.1815E-01  0.1855E-01  0.1895E-01
  0.1934E-01  0.1974E-01  0.2013E-01  0.2052E-01  0.2091E-01  0.2130E-01
  0.2168E-01  0.2206E-01  0.2245E-01  0.2283E-01  0.2321E-01  0.2359E-01
  0.2396E-01  0.2434E-01  0.2471E-01  0.2509E-01  0.2546E-01  0.2583E-01
  0.2620E-01  0.2657E-01  0.2693E-01  0.2730E-01  0.2766E-01  0.2802E-01
 360840  10020  DEUTERON     0- 60 MeV ;    1MeV-steps
  0.2034E-02  0.3069E-02  0.3968E-02  0.4812E-02  0.5609E-02  0.6366E-02
  0.7089E-02  0.7783E-02  0.8453E-02  0.9103E-02  0.9735E-02  0.1035E-01
  0.1096E-01  0.1156E-01  0.1214E-01  0.1272E-01  0.1330E-01  0.1387E-01
  0.1443E-01  0.1499E-01  0.1554E-01  0.1609E-01  0.1663E-01  0.1717E-01
  0.1771E-01  0.1824E-01  0.1877E-01  0.1929E-01  0.1981E-01  0.2033E-01
  0.2084E-01  0.2134E-01  0.2185E-01  0.2234E-01  0.2284E-01  0.2333E-01
  0.2381E-01  0.2430E-01  0.2478E-01  0.2526E-01  0.2573E-01  0.2620E-01
  0.2667E-01  0.2714E-01  0.2761E-01  0.2807E-01  0.2853E-01  0.2899E-01
  0.2945E-01  0.2991E-01  0.3036E-01  0.3082E-01  0.3127E-01  0.3172E-01
  0.3217E-01  0.3262E-01  0.3306E-01  0.3350E-01  0.3394E-01  0.3437E-01
 370850  10020  DEUTERON     0- 60 MeV ;    1MeV-steps
  0.3107E-02  0.5086E-02  0.6691E-02  0.8183E-02  0.9579E-02  0.1090E-01
  0.1214E-01  0.1334E-01  0.1449E-01  0.1560E-01  0.1667E-01  0.1773E-01
  0.1876E-01  0.1977E-01  0.2077E-01  0.2176E-01  0.2274E-01  0.2370E-01
  0.2466E-01  0.2561E-01  0.2655E-01  0.2749E-01  0.2841E-01  0.2933E-01
  0.3024E-01  0.3114E-01  0.3204E-01  0.3292E-01  0.3380E-01  0.3467E-01
  0.3553E-01  0.3639E-01  0.3724E-01  0.3808E-01  0.3891E-01  0.3974E-01
  0.4057E-01  0.4139E-01  0.4220E-01  0.4301E-01  0.4382E-01  0.4462E-01
  0.4542E-01  0.4622E-01  0.4701E-01  0.4780E-01  0.4859E-01  0.4938E-01
  0.5016E-01  0.5094E-01  0.5171E-01  0.5248E-01  0.5324E-01  0.5400E-01
  0.5476E-01  0.5551E-01  0.5625E-01  0.5698E-01  0.5771E-01  0.5844E-01
 380880  10020  DEUTERON     0- 60 MeV ;    1MeV-steps
  0.1972E-02  0.3109E-02  0.4067E-02  0.4958E-02  0.5792E-02  0.6580E-02
  0.7329E-02  0.8045E-02  0.8735E-02  0.9403E-02  0.1005E-01  0.1069E-01
  0.1131E-01  0.1192E-01  0.1253E-01  0.1312E-01  0.1371E-01  0.1430E-01
  0.1487E-01  0.1545E-01  0.1602E-01  0.1658E-01  0.1714E-01  0.1769E-01
  0.1824E-01  0.1878E-01  0.1932E-01  0.1985E-01  0.2038E-01  0.2090E-01
  0.2142E-01  0.2193E-01  0.2244E-01  0.2294E-01  0.2344E-01  0.2394E-01
  0.2444E-01  0.2493E-01  0.2542E-01  0.2591E-01  0.2639E-01  0.2688E-01
  0.2736E-01  0.2784E-01  0.2832E-01  0.2880E-01  0.2927E-01  0.2975E-01
  0.3022E-01  0.3069E-01  0.3116E-01  0.3163E-01  0.3209E-01  0.3255E-01
  0.3300E-01  0.3346E-01  0.3391E-01  0.3435E-01  0.3479E-01  0.3522E-01
 390890  10020  DEUTERON     0- 60 MeV ;    1MeV-steps
  0.1143E-02  0.1821E-02  0.2385E-02  0.2900E-02  0.3376E-02  0.3821E-02
  0.4241E-02  0.4641E-02  0.5026E-02  0.5398E-02  0.5761E-02  0.6117E-02
  0.6468E-02  0.6813E-02  0.7155E-02  0.7494E-02  0.7829E-02  0.8161E-02
  0.8490E-02  0.8816E-02  0.9139E-02  0.9458E-02  0.9773E-02  0.1008E-01
  0.1039E-01  0.1070E-01  0.1099E-01  0.1129E-01  0.1158E-01  0.1187E-01
  0.1216E-01  0.1244E-01  0.1272E-01  0.1300E-01  0.1328E-01  0.1355E-01
  0.1383E-01  0.1410E-01  0.1438E-01  0.1465E-01  0.1493E-01  0.1521E-01
  0.1548E-01  0.1576E-01  0.1604E-01  0.1632E-01  0.1660E-01  0.1688E-01
  0.1716E-01  0.1743E-01  0.1770E-01  0.1798E-01  0.1824E-01  0.1851E-01
  0.1877E-01  0.1902E-01  0.1926E-01  0.1951E-01  0.1975E-01  0.1998E-01
 400900  10020  DEUTERON     0- 60 MeV ;    1MeV-steps
  0.8198E-03  0.1277E-02  0.1678E-02  0.2041E-02  0.2374E-02  0.2682E-02
  0.2972E-02  0.3248E-02  0.3514E-02  0.3772E-02  0.4025E-02  0.4274E-02
  0.4519E-02  0.4763E-02  0.5005E-02  0.5245E-02  0.5483E-02  0.5719E-02
  0.5952E-02  0.6184E-02  0.6412E-02  0.6637E-02  0.6859E-02  0.7077E-02
  0.7292E-02  0.7503E-02  0.7710E-02  0.7914E-02  0.8115E-02  0.8313E-02
  0.8508E-02  0.8701E-02  0.8892E-02  0.9083E-02  0.9272E-02  0.9461E-02
  0.9650E-02  0.9840E-02  0.1003E-01  0.1022E-01  0.1042E-01  0.1061E-01
  0.1081E-01  0.1100E-01  0.1120E-01  0.1140E-01  0.1160E-01  0.1180E-01
  0.1200E-01  0.1220E-01  0.1239E-01  0.1258E-01  0.1277E-01  0.1295E-01
  0.1313E-01  0.1331E-01  0.1347E-01  0.1363E-01  0.1379E-01  0.1394E-01
 410930  10020  DEUTERON     0- 60 MeV ;    1MeV-steps
  0.5872E-03  0.9609E-03  0.1253E-02  0.1525E-02  0.1779E-02  0.2017E-02
  0.2244E-02  0.2459E-02  0.2667E-02  0.2867E-02  0.3061E-02  0.3251E-02
  0.3436E-02  0.3619E-02  0.3798E-02  0.3976E-02  0.4151E-02  0.4325E-02
  0.4497E-02  0.4667E-02  0.4837E-02  0.5004E-02  0.5171E-02  0.5336E-02
  0.5499E-02  0.5661E-02  0.5822E-02  0.5981E-02  0.6138E-02  0.6295E-02
  0.6450E-02  0.6603E-02  0.6755E-02  0.6906E-02  0.7055E-02  0.7204E-02
  0.7351E-02  0.7498E-02  0.7643E-02  0.7788E-02  0.7932E-02  0.8075E-02
  0.8218E-02  0.8359E-02  0.8501E-02  0.8641E-02  0.8782E-02  0.8921E-02
  0.9060E-02  0.9198E-02  0.9336E-02  0.9473E-02  0.9609E-02  0.9744E-02
  0.9878E-02  0.1001E-01  0.1014E-01  0.1028E-01  0.1041E-01  0.1054E-01
 420980  10020  DEUTERON     0- 60 MeV ;    1MeV-steps
  0.5342E-03  0.8438E-03  0.1084E-02  0.1308E-02  0.1518E-02  0.1718E-02
  0.1907E-02  0.2089E-02  0.2265E-02  0.2435E-02  0.2600E-02  0.2762E-02
  0.2921E-02  0.3077E-02  0.3230E-02  0.3382E-02  0.3531E-02  0.3679E-02
  0.3826E-02  0.3970E-02  0.4113E-02  0.4255E-02  0.4395E-02  0.4534E-02
  0.4671E-02  0.4807E-02  0.4941E-02  0.5074E-02  0.5205E-02  0.5336E-02
  0.5465E-02  0.5593E-02  0.5720E-02  0.5846E-02  0.5971E-02  0.6095E-02
  0.6219E-02  0.6343E-02  0.6466E-02  0.6588E-02  0.6711E-02  0.6833E-02
  0.6955E-02  0.7077E-02  0.7199E-02  0.7320E-02  0.7442E-02  0.7563E-02
  0.7684E-02  0.7804E-02  0.7924E-02  0.8043E-02  0.8162E-02  0.8280E-02
  0.8396E-02  0.8512E-02  0.8625E-02  0.8738E-02  0.8849E-02  0.8959E-02
 430970  10020  DEUTERON     0- 60 MeV ;    1MeV-steps
  0.4446E-03  0.7229E-03  0.9444E-03  0.1149E-02  0.1339E-02  0.1517E-02
  0.1685E-02  0.1846E-02  0.2000E-02  0.2150E-02  0.2295E-02  0.2436E-02
  0.2575E-02  0.2712E-02  0.2846E-02  0.2979E-02  0.3110E-02  0.3240E-02
  0.3369E-02  0.3496E-02  0.3622E-02  0.3746E-02  0.3870E-02  0.3992E-02
  0.4112E-02  0.4232E-02  0.4350E-02  0.4467E-02  0.4583E-02  0.4698E-02
  0.4813E-02  0.4926E-02  0.5038E-02  0.5150E-02  0.5261E-02  0.5372E-02
  0.5483E-02  0.5593E-02  0.5703E-02  0.5813E-02  0.5922E-02  0.6032E-02
  0.6142E-02  0.6251E-02  0.6360E-02  0.6469E-02  0.6578E-02  0.6685E-02
  0.6792E-02  0.6897E-02  0.7002E-02  0.7105E-02  0.7207E-02  0.7306E-02
  0.7405E-02  0.7500E-02  0.7594E-02  0.7686E-02  0.7775E-02  0.7864E-02
 441020  10020  DEUTERON     0- 60 MeV ;    1MeV-steps
  0.4545E-03  0.7019E-03  0.9098E-03  0.1103E-02  0.1285E-02  0.1455E-02
  0.1617E-02  0.1770E-02  0.1918E-02  0.2059E-02  0.2197E-02  0.2330E-02
  0.2461E-02  0.2589E-02  0.2715E-02  0.2839E-02  0.2963E-02  0.3085E-02
  0.3207E-02  0.3327E-02  0.3448E-02  0.3567E-02  0.3686E-02  0.3804E-02
  0.3921E-02  0.4037E-02  0.4152E-02  0.4266E-02  0.4380E-02  0.4491E-02
  0.4602E-02  0.4711E-02  0.4818E-02  0.4924E-02  0.5029E-02  0.5132E-02
  0.5234E-02  0.5334E-02  0.5434E-02  0.5532E-02  0.5629E-02  0.5726E-02
  0.5822E-02  0.5918E-02  0.6014E-02  0.6110E-02  0.6206E-02  0.6303E-02
  0.6401E-02  0.6500E-02  0.6601E-02  0.6702E-02  0.6805E-02  0.6909E-02
  0.7015E-02  0.7121E-02  0.7229E-02  0.7337E-02  0.7444E-02  0.7551E-02
 451030  10020  DEUTERON     0- 60 MeV ;    1MeV-steps
  0.4568E-03  0.7101E-03  0.9295E-03  0.1130E-02  0.1315E-02  0.1486E-02
  0.1648E-02  0.1801E-02  0.1946E-02  0.2087E-02  0.2224E-02  0.2357E-02
  0.2487E-02  0.2616E-02  0.2743E-02  0.2869E-02  0.2994E-02  0.3118E-02
  0.3242E-02  0.3364E-02  0.3486E-02  0.3607E-02  0.3726E-02  0.3845E-02
  0.3963E-02  0.4079E-02  0.4194E-02  0.4308E-02  0.4420E-02  0.4531E-02
  0.4640E-02  0.4748E-02  0.4855E-02  0.4960E-02  0.5064E-02  0.5168E-02
  0.5269E-02  0.5371E-02  0.5471E-02  0.5570E-02  0.5670E-02  0.5768E-02
  0.5866E-02  0.5964E-02  0.6063E-02  0.6160E-02  0.6258E-02  0.6356E-02
  0.6454E-02  0.6552E-02  0.6650E-02  0.6749E-02  0.6848E-02  0.6946E-02
  0.7045E-02  0.7143E-02  0.7242E-02  0.7341E-02  0.7440E-02  0.7539E-02
 461060  10020  DEUTERON     0- 60 MeV ;    1MeV-steps
  0.4616E-03  0.7469E-03  0.9876E-03  0.1204E-02  0.1401E-02  0.1583E-02
  0.1752E-02  0.1912E-02  0.2065E-02  0.2212E-02  0.2355E-02  0.2495E-02
  0.2633E-02  0.2769E-02  0.2904E-02  0.3037E-02  0.3170E-02  0.3302E-02
  0.3432E-02  0.3562E-02  0.3690E-02  0.3817E-02  0.3943E-02  0.4066E-02
  0.4189E-02  0.4309E-02  0.4428E-02  0.4545E-02  0.4660E-02  0.4774E-02
  0.4887E-02  0.4998E-02  0.5108E-02  0.5217E-02  0.5326E-02  0.5434E-02
  0.5541E-02  0.5648E-02  0.5756E-02  0.5864E-02  0.5972E-02  0.6080E-02
  0.6189E-02  0.6298E-02  0.6407E-02  0.6516E-02  0.6626E-02  0.6735E-02
  0.6843E-02  0.6952E-02  0.7059E-02  0.7165E-02  0.7269E-02  0.7371E-02
  0.7473E-02  0.7571E-02  0.7666E-02  0.7760E-02  0.7853E-02  0.7941E-02
 471070  10020  DEUTERON     0- 60 MeV ;    1MeV-steps
  0.5726E-03  0.8706E-03  0.1120E-02  0.1351E-02  0.1568E-02  0.1771E-02
  0.1965E-02  0.2149E-02  0.2326E-02  0.2497E-02  0.2663E-02  0.2825E-02
  0.2983E-02  0.3139E-02  0.3292E-02  0.3443E-02  0.3592E-02  0.3740E-02
  0.3887E-02  0.4032E-02  0.4175E-02  0.4318E-02  0.4459E-02  0.4599E-02
  0.4738E-02  0.4875E-02  0.5011E-02  0.5146E-02  0.5279E-02  0.5410E-02
  0.5541E-02  0.5670E-02  0.5797E-02  0.5924E-02  0.6049E-02  0.6173E-02
  0.6296E-02  0.6418E-02  0.6539E-02  0.6660E-02  0.6780E-02  0.6899E-02
  0.7018E-02  0.7136E-02  0.7255E-02  0.7373E-02  0.7491E-02  0.7609E-02
  0.7728E-02  0.7846E-02  0.7965E-02  0.8084E-02  0.8203E-02  0.8322E-02
  0.8441E-02  0.8560E-02  0.8680E-02  0.8799E-02  0.8918E-02  0.9038E-02
 481140  10020  DEUTERON     0- 60 MeV ;    1MeV-steps
  0.6999E-03  0.1042E-02  0.1351E-02  0.1634E-02  0.1896E-02  0.2140E-02
  0.2370E-02  0.2589E-02  0.2799E-02  0.3002E-02  0.3199E-02  0.3393E-02
  0.3583E-02  0.3771E-02  0.3957E-02  0.4141E-02  0.4323E-02  0.4505E-02
  0.4685E-02  0.4863E-02  0.5041E-02  0.5216E-02  0.5390E-02  0.5562E-02
  0.5732E-02  0.5899E-02  0.6065E-02  0.6228E-02  0.6389E-02  0.6548E-02
  0.6704E-02  0.6858E-02  0.7011E-02  0.7161E-02  0.7310E-02  0.7457E-02
  0.7604E-02  0.7749E-02  0.7893E-02  0.8037E-02  0.8181E-02  0.8324E-02
  0.8469E-02  0.8612E-02  0.8757E-02  0.8902E-02  0.9048E-02  0.9194E-02
  0.9342E-02  0.9490E-02  0.9637E-02  0.9786E-02  0.9935E-02  0.1008E-01
  0.1023E-01  0.1038E-01  0.1053E-01  0.1067E-01  0.1082E-01  0.1096E-01
 491150  10020  DEUTERON     0- 60 MeV ;    1MeV-steps
  0.8437E-03  0.1309E-02  0.1648E-02  0.1972E-02  0.2283E-02  0.2582E-02
  0.2869E-02  0.3146E-02  0.3413E-02  0.3671E-02  0.3920E-02  0.4163E-02
  0.4399E-02  0.4629E-02  0.4854E-02  0.5074E-02  0.5291E-02  0.5504E-02
  0.5714E-02  0.5922E-02  0.6128E-02  0.6332E-02  0.6535E-02  0.6736E-02
  0.6936E-02  0.7136E-02  0.7334E-02  0.7531E-02  0.7727E-02  0.7923E-02
  0.8117E-02  0.8311E-02  0.8503E-02  0.8694E-02  0.8883E-02  0.9071E-02
  0.9257E-02  0.9442E-02  0.9625E-02  0.9806E-02  0.9985E-02  0.1016E-01
  0.1034E-01  0.1051E-01  0.1068E-01  0.1085E-01  0.1102E-01  0.1119E-01
  0.1136E-01  0.1152E-01  0.1169E-01  0.1185E-01  0.1202E-01  0.1218E-01
  0.1235E-01  0.1252E-01  0.1268E-01  0.1285E-01  0.1302E-01  0.1320E-01
 501200  10020  DEUTERON     0- 60 MeV ;    1MeV-steps
  0.1078E-02  0.1654E-02  0.2108E-02  0.2537E-02  0.2944E-02  0.3330E-02
  0.3699E-02  0.4052E-02  0.4390E-02  0.4716E-02  0.5031E-02  0.5337E-02
  0.5634E-02  0.5925E-02  0.6210E-02  0.6489E-02  0.6765E-02  0.7038E-02
  0.7307E-02  0.7575E-02  0.7840E-02  0.8103E-02  0.8365E-02  0.8626E-02
  0.8885E-02  0.9143E-02  0.9399E-02  0.9654E-02  0.9907E-02  0.1016E-01
  0.1041E-01  0.1065E-01  0.1090E-01  0.1114E-01  0.1138E-01  0.1162E-01
  0.1185E-01  0.1208E-01  0.1231E-01  0.1254E-01  0.1276E-01  0.1298E-01
  0.1320E-01  0.1342E-01  0.1364E-01  0.1386E-01  0.1407E-01  0.1429E-01
  0.1450E-01  0.1472E-01  0.1494E-01  0.1516E-01  0.1538E-01  0.1561E-01
  0.1583E-01  0.1606E-01  0.1629E-01  0.1653E-01  0.1676E-01  0.1699E-01
 511210  10020  DEUTERON     0- 60 MeV ;    1MeV-steps
  0.8794E-03  0.1384E-02  0.1795E-02  0.2177E-02  0.2536E-02  0.2874E-02
  0.3194E-02  0.3498E-02  0.3789E-02  0.4069E-02  0.4339E-02  0.4602E-02
  0.4858E-02  0.5109E-02  0.5356E-02  0.5599E-02  0.5839E-02  0.6076E-02
  0.6312E-02  0.6546E-02  0.6778E-02  0.7010E-02  0.7239E-02  0.7468E-02
  0.7695E-02  0.7921E-02  0.8146E-02  0.8369E-02  0.8590E-02  0.8809E-02
  0.9026E-02  0.9242E-02  0.9455E-02  0.9665E-02  0.9874E-02  0.1008E-01
  0.1028E-01  0.1048E-01  0.1068E-01  0.1088E-01  0.1107E-01  0.1127E-01
  0.1146E-01  0.1165E-01  0.1183E-01  0.1202E-01  0.1221E-01  0.1239E-01
  0.1258E-01  0.1276E-01  0.1295E-01  0.1313E-01  0.1332E-01  0.1351E-01
  0.1370E-01  0.1389E-01  0.1408E-01  0.1428E-01  0.1447E-01  0.1467E-01
 521300  10020  DEUTERON     0- 60 MeV ;    1MeV-steps
  0.9823E-03  0.1535E-02  0.2020E-02  0.2459E-02  0.2860E-02  0.3231E-02
  0.3577E-02  0.3905E-02  0.4218E-02  0.4520E-02  0.4813E-02  0.5100E-02
  0.5382E-02  0.5661E-02  0.5937E-02  0.6210E-02  0.6482E-02  0.6751E-02
  0.7018E-02  0.7284E-02  0.7547E-02  0.7807E-02  0.8064E-02  0.8318E-02
  0.8569E-02  0.8817E-02  0.9061E-02  0.9301E-02  0.9538E-02  0.9772E-02
  0.1000E-01  0.1023E-01  0.1046E-01  0.1068E-01  0.1090E-01  0.1112E-01
  0.1134E-01  0.1156E-01  0.1178E-01  0.1199E-01  0.1221E-01  0.1243E-01
  0.1265E-01  0.1287E-01  0.1309E-01  0.1332E-01  0.1354E-01  0.1376E-01
  0.1399E-01  0.1421E-01  0.1443E-01  0.1466E-01  0.1487E-01  0.1509E-01
  0.1531E-01  0.1552E-01  0.1572E-01  0.1592E-01  0.1612E-01  0.1631E-01
 531270  10020  DEUTERON     0- 60 MeV ;    1MeV-steps
  0.1358E-02  0.2048E-02  0.2578E-02  0.3076E-02  0.3547E-02  0.3995E-02
  0.4423E-02  0.4833E-02  0.5229E-02  0.5611E-02  0.5983E-02  0.6346E-02
  0.6700E-02  0.7048E-02  0.7389E-02  0.7726E-02  0.8057E-02  0.8384E-02
  0.8708E-02  0.9028E-02  0.9345E-02  0.9659E-02  0.9970E-02  0.1028E-01
  0.1058E-01  0.1089E-01  0.1119E-01  0.1149E-01  0.1179E-01  0.1208E-01
  0.1237E-01  0.1267E-01  0.1295E-01  0.1324E-01  0.1353E-01  0.1381E-01
  0.1409E-01  0.1438E-01  0.1465E-01  0.1493E-01  0.1521E-01  0.1548E-01
  0.1575E-01  0.1603E-01  0.1629E-01  0.1656E-01  0.1683E-01  0.1709E-01
  0.1735E-01  0.1761E-01  0.1786E-01  0.1812E-01  0.1837E-01  0.1862E-01
  0.1886E-01  0.1911E-01  0.1935E-01  0.1959E-01  0.1983E-01  0.2007E-01
 541320  10020  DEUTERON     0- 60 MeV ;    1MeV-steps
  0.1952E-02  0.3053E-02  0.3991E-02  0.4860E-02  0.5670E-02  0.6429E-02
  0.7145E-02  0.7824E-02  0.8472E-02  0.9095E-02  0.9695E-02  0.1028E-01
  0.1085E-01  0.1140E-01  0.1195E-01  0.1249E-01  0.1302E-01  0.1354E-01
  0.1407E-01  0.1458E-01  0.1510E-01  0.1561E-01  0.1612E-01  0.1662E-01
  0.1712E-01  0.1762E-01  0.1812E-01  0.1861E-01  0.1910E-01  0.1958E-01
  0.2006E-01  0.2054E-01  0.2101E-01  0.2148E-01  0.2194E-01  0.2240E-01
  0.2285E-01  0.2330E-01  0.2374E-01  0.2418E-01  0.2462E-01  0.2505E-01
  0.2548E-01  0.2591E-01  0.2634E-01  0.2676E-01  0.2718E-01  0.2760E-01
  0.2801E-01  0.2843E-01  0.2885E-01  0.2926E-01  0.2967E-01  0.3009E-01
  0.3050E-01  0.3092E-01  0.3133E-01  0.3175E-01  0.3216E-01  0.3258E-01
 551330  10020  DEUTERON     0- 60 MeV ;    1MeV-steps
  0.3081E-02  0.5038E-02  0.6588E-02  0.8015E-02  0.9339E-02  0.1058E-01
  0.1174E-01  0.1284E-01  0.1390E-01  0.1491E-01  0.1589E-01  0.1685E-01
  0.1778E-01  0.1869E-01  0.1960E-01  0.2048E-01  0.2136E-01  0.2223E-01
  0.2310E-01  0.2395E-01  0.2480E-01  0.2564E-01  0.2648E-01  0.2731E-01
  0.2813E-01  0.2894E-01  0.2975E-01  0.3055E-01  0.3134E-01  0.3212E-01
  0.3290E-01  0.3367E-01  0.3443E-01  0.3518E-01  0.3593E-01  0.3667E-01
  0.3740E-01  0.3813E-01  0.3886E-01  0.3958E-01  0.4030E-01  0.4101E-01
  0.4172E-01  0.4243E-01  0.4314E-01  0.4384E-01  0.4455E-01  0.4525E-01
  0.4595E-01  0.4665E-01  0.4735E-01  0.4804E-01  0.4874E-01  0.4943E-01
  0.5012E-01  0.5080E-01  0.5147E-01  0.5214E-01  0.5281E-01  0.5347E-01
 561380  10020  DEUTERON     0- 60 MeV ;    1MeV-steps
  0.1651E-02  0.2755E-02  0.3591E-02  0.4360E-02  0.5074E-02  0.5741E-02
  0.6371E-02  0.6969E-02  0.7543E-02  0.8095E-02  0.8631E-02  0.9153E-02
  0.9664E-02  0.1017E-01  0.1066E-01  0.1115E-01  0.1163E-01  0.1211E-01
  0.1258E-01  0.1305E-01  0.1351E-01  0.1397E-01  0.1442E-01  0.1487E-01
  0.1532E-01  0.1576E-01  0.1619E-01  0.1662E-01  0.1705E-01  0.1747E-01
  0.1789E-01  0.1831E-01  0.1872E-01  0.1912E-01  0.1953E-01  0.1993E-01
  0.2033E-01  0.2073E-01  0.2113E-01  0.2152E-01  0.2191E-01  0.2231E-01
  0.2270E-01  0.2309E-01  0.2348E-01  0.2387E-01  0.2426E-01  0.2464E-01
  0.2503E-01  0.2541E-01  0.2579E-01  0.2616E-01  0.2654E-01  0.2691E-01
  0.2727E-01  0.2763E-01  0.2799E-01  0.2834E-01  0.2869E-01  0.2903E-01
 571390  10020  DEUTERON     0- 60 MeV ;    1MeV-steps
  0.9099E-03  0.1497E-02  0.1982E-02  0.2425E-02  0.2832E-02  0.3210E-02
  0.3565E-02  0.3899E-02  0.4219E-02  0.4525E-02  0.4823E-02  0.5112E-02
  0.5396E-02  0.5675E-02  0.5950E-02  0.6223E-02  0.6493E-02  0.6761E-02
  0.7027E-02  0.7291E-02  0.7553E-02  0.7814E-02  0.8072E-02  0.8328E-02
  0.8582E-02  0.8833E-02  0.9082E-02  0.9328E-02  0.9571E-02  0.9812E-02
  0.1005E-01  0.1028E-01  0.1052E-01  0.1075E-01  0.1097E-01  0.1120E-01
  0.1142E-01  0.1164E-01  0.1186E-01  0.1208E-01  0.1230E-01  0.1252E-01
  0.1273E-01  0.1295E-01  0.1316E-01  0.1338E-01  0.1359E-01  0.1381E-01
  0.1402E-01  0.1423E-01  0.1445E-01  0.1466E-01  0.1487E-01  0.1509E-01
  0.1530E-01  0.1551E-01  0.1571E-01  0.1592E-01  0.1613E-01  0.1633E-01
 581400  10020  DEUTERON     0- 60 MeV ;    1MeV-steps
  0.9408E-03  0.1481E-02  0.1915E-02  0.2309E-02  0.2671E-02  0.3006E-02
  0.3321E-02  0.3620E-02  0.3905E-02  0.4180E-02  0.4448E-02  0.4709E-02
  0.4966E-02  0.5219E-02  0.5470E-02  0.5719E-02  0.5965E-02  0.6210E-02
  0.6453E-02  0.6694E-02  0.6933E-02  0.7170E-02  0.7405E-02  0.7637E-02
  0.7867E-02  0.8094E-02  0.8318E-02  0.8540E-02  0.8758E-02  0.8974E-02
  0.9187E-02  0.9398E-02  0.9607E-02  0.9813E-02  0.1002E-01  0.1022E-01
  0.1042E-01  0.1062E-01  0.1082E-01  0.1102E-01  0.1122E-01  0.1142E-01
  0.1161E-01  0.1181E-01  0.1201E-01  0.1220E-01  0.1240E-01  0.1259E-01
  0.1279E-01  0.1298E-01  0.1317E-01  0.1337E-01  0.1355E-01  0.1374E-01
  0.1393E-01  0.1411E-01  0.1429E-01  0.1447E-01  0.1465E-01  0.1482E-01
 591410  10020  DEUTERON     0- 60 MeV ;    1MeV-steps
  0.9469E-03  0.1446E-02  0.1863E-02  0.2249E-02  0.2609E-02  0.2947E-02
  0.3266E-02  0.3569E-02  0.3860E-02  0.4140E-02  0.4412E-02  0.4676E-02
  0.4935E-02  0.5189E-02  0.5438E-02  0.5685E-02  0.5929E-02  0.6170E-02
  0.6410E-02  0.6647E-02  0.6882E-02  0.7116E-02  0.7347E-02  0.7577E-02
  0.7804E-02  0.8030E-02  0.8253E-02  0.8475E-02  0.8693E-02  0.8910E-02
  0.9124E-02  0.9336E-02  0.9546E-02  0.9754E-02  0.9960E-02  0.1016E-01
  0.1037E-01  0.1057E-01  0.1076E-01  0.1096E-01  0.1116E-01  0.1135E-01
  0.1155E-01  0.1174E-01  0.1194E-01  0.1213E-01  0.1232E-01  0.1252E-01
  0.1271E-01  0.1291E-01  0.1310E-01  0.1329E-01  0.1349E-01  0.1368E-01
  0.1388E-01  0.1407E-01  0.1427E-01  0.1446E-01  0.1465E-01  0.1484E-01
 601420  10020  DEUTERON     0- 60 MeV ;    1MeV-steps
  0.9338E-03  0.1452E-02  0.1873E-02  0.2259E-02  0.2615E-02  0.2947E-02
  0.3260E-02  0.3558E-02  0.3842E-02  0.4117E-02  0.4384E-02  0.4644E-02
  0.4899E-02  0.5149E-02  0.5397E-02  0.5641E-02  0.5882E-02  0.6121E-02
  0.6358E-02  0.6592E-02  0.6824E-02  0.7053E-02  0.7280E-02  0.7504E-02
  0.7725E-02  0.7944E-02  0.8160E-02  0.8373E-02  0.8584E-02  0.8793E-02
  0.8999E-02  0.9203E-02  0.9406E-02  0.9607E-02  0.9806E-02  0.1000E-01
  0.1020E-01  0.1040E-01  0.1060E-01  0.1079E-01  0.1099E-01  0.1119E-01
  0.1139E-01  0.1158E-01  0.1178E-01  0.1198E-01  0.1218E-01  0.1238E-01
  0.1258E-01  0.1277E-01  0.1297E-01  0.1317E-01  0.1336E-01  0.1355E-01
  0.1374E-01  0.1393E-01  0.1411E-01  0.1429E-01  0.1447E-01  0.1464E-01
 611480  10020  DEUTERON     0- 60 MeV ;    1MeV-steps
  0.9070E-03  0.1435E-02  0.1842E-02  0.2217E-02  0.2565E-02  0.2891E-02
  0.3199E-02  0.3492E-02  0.3773E-02  0.4044E-02  0.4306E-02  0.4563E-02
  0.4813E-02  0.5059E-02  0.5301E-02  0.5540E-02  0.5776E-02  0.6009E-02
  0.6239E-02  0.6467E-02  0.6692E-02  0.6915E-02  0.7136E-02  0.7354E-02
  0.7569E-02  0.7783E-02  0.7994E-02  0.8202E-02  0.8409E-02  0.8614E-02
  0.8816E-02  0.9017E-02  0.9217E-02  0.9415E-02  0.9612E-02  0.9808E-02
  0.1000E-01  0.1020E-01  0.1039E-01  0.1059E-01  0.1078E-01  0.1098E-01
  0.1117E-01  0.1136E-01  0.1156E-01  0.1175E-01  0.1195E-01  0.1214E-01
  0.1233E-01  0.1252E-01  0.1271E-01  0.1290E-01  0.1309E-01  0.1327E-01
  0.1345E-01  0.1363E-01  0.1381E-01  0.1398E-01  0.1414E-01  0.1431E-01
 621520  10020  DEUTERON     0- 60 MeV ;    1MeV-steps
  0.9501E-03  0.1430E-02  0.1803E-02  0.2152E-02  0.2481E-02  0.2793E-02
  0.3091E-02  0.3376E-02  0.3650E-02  0.3916E-02  0.4173E-02  0.4424E-02
  0.4669E-02  0.4909E-02  0.5144E-02  0.5376E-02  0.5604E-02  0.5828E-02
  0.6050E-02  0.6269E-02  0.6485E-02  0.6699E-02  0.6911E-02  0.7120E-02
  0.7327E-02  0.7533E-02  0.7736E-02  0.7938E-02  0.8138E-02  0.8337E-02
  0.8534E-02  0.8730E-02  0.8924E-02  0.9118E-02  0.9310E-02  0.9501E-02
  0.9692E-02  0.9882E-02  0.1007E-01  0.1026E-01  0.1045E-01  0.1064E-01
  0.1082E-01  0.1101E-01  0.1119E-01  0.1138E-01  0.1156E-01  0.1174E-01
  0.1192E-01  0.1210E-01  0.1228E-01  0.1246E-01  0.1263E-01  0.1281E-01
  0.1298E-01  0.1314E-01  0.1331E-01  0.1348E-01  0.1364E-01  0.1380E-01
 631530  10020  DEUTERON     0- 60 MeV ;    1MeV-steps
  0.1378E-02  0.2049E-02  0.2590E-02  0.3098E-02  0.3575E-02  0.4027E-02
  0.4456E-02  0.4866E-02  0.5258E-02  0.5637E-02  0.6002E-02  0.6358E-02
  0.6704E-02  0.7044E-02  0.7377E-02  0.7705E-02  0.8029E-02  0.8349E-02
  0.8666E-02  0.8981E-02  0.9293E-02  0.9603E-02  0.9911E-02  0.1022E-01
  0.1052E-01  0.1082E-01  0.1112E-01  0.1142E-01  0.1171E-01  0.1201E-01
  0.1230E-01  0.1258E-01  0.1287E-01  0.1315E-01  0.1342E-01  0.1370E-01
  0.1397E-01  0.1423E-01  0.1450E-01  0.1476E-01  0.1502E-01  0.1528E-01
  0.1553E-01  0.1579E-01  0.1604E-01  0.1629E-01  0.1654E-01  0.1679E-01
  0.1704E-01  0.1730E-01  0.1755E-01  0.1780E-01  0.1806E-01  0.1832E-01
  0.1857E-01  0.1883E-01  0.1909E-01  0.1935E-01  0.1961E-01  0.1987E-01
 641580  10020  DEUTERON     0- 60 MeV ;    1MeV-steps
  0.9416E-03  0.1374E-02  0.1744E-02  0.2089E-02  0.2413E-02  0.2718E-02
  0.3009E-02  0.3286E-02  0.3553E-02  0.3810E-02  0.4059E-02  0.4302E-02
  0.4539E-02  0.4772E-02  0.5000E-02  0.5225E-02  0.5447E-02  0.5665E-02
  0.5882E-02  0.6096E-02  0.6308E-02  0.6517E-02  0.6725E-02  0.6930E-02
  0.7134E-02  0.7335E-02  0.7534E-02  0.7732E-02  0.7927E-02  0.8121E-02
  0.8313E-02  0.8503E-02  0.8691E-02  0.8878E-02  0.9063E-02  0.9247E-02
  0.9430E-02  0.9611E-02  0.9792E-02  0.9972E-02  0.1015E-01  0.1033E-01
  0.1051E-01  0.1069E-01  0.1086E-01  0.1104E-01  0.1122E-01  0.1140E-01
  0.1157E-01  0.1175E-01  0.1193E-01  0.1210E-01  0.1228E-01  0.1245E-01
  0.1263E-01  0.1280E-01  0.1297E-01  0.1314E-01  0.1330E-01  0.1347E-01
 651590  10020  DEUTERON     0- 60 MeV ;    1MeV-steps
  0.8449E-03  0.1315E-02  0.1713E-02  0.2070E-02  0.2392E-02  0.2689E-02
  0.2964E-02  0.3224E-02  0.3472E-02  0.3711E-02  0.3944E-02  0.4172E-02
  0.4397E-02  0.4619E-02  0.4839E-02  0.5057E-02  0.5274E-02  0.5489E-02
  0.5703E-02  0.5914E-02  0.6123E-02  0.6329E-02  0.6532E-02  0.6732E-02
  0.6929E-02  0.7123E-02  0.7314E-02  0.7501E-02  0.7686E-02  0.7868E-02
  0.8047E-02  0.8224E-02  0.8400E-02  0.8574E-02  0.8747E-02  0.8920E-02
  0.9092E-02  0.9265E-02  0.9439E-02  0.9613E-02  0.9788E-02  0.9965E-02
  0.1014E-01  0.1032E-01  0.1050E-01  0.1068E-01  0.1086E-01  0.1104E-01
  0.1122E-01  0.1140E-01  0.1157E-01  0.1175E-01  0.1192E-01  0.1208E-01
  0.1224E-01  0.1240E-01  0.1255E-01  0.1269E-01  0.1283E-01  0.1296E-01
 661640  10020  DEUTERON     0- 60 MeV ;    1MeV-steps
  0.9037E-03  0.1325E-02  0.1662E-02  0.1977E-02  0.2274E-02  0.2556E-02
  0.2825E-02  0.3082E-02  0.3330E-02  0.3571E-02  0.3804E-02  0.4031E-02
  0.4254E-02  0.4472E-02  0.4685E-02  0.4896E-02  0.5103E-02  0.5306E-02
  0.5507E-02  0.5705E-02  0.5901E-02  0.6094E-02  0.6284E-02  0.6472E-02
  0.6659E-02  0.6843E-02  0.7025E-02  0.7205E-02  0.7384E-02  0.7561E-02
  0.7737E-02  0.7912E-02  0.8086E-02  0.8259E-02  0.8432E-02  0.8604E-02
  0.8776E-02  0.8948E-02  0.9120E-02  0.9292E-02  0.9464E-02  0.9637E-02
  0.9809E-02  0.9981E-02  0.1015E-01  0.1033E-01  0.1050E-01  0.1067E-01
  0.1084E-01  0.1101E-01  0.1118E-01  0.1134E-01  0.1151E-01  0.1167E-01
  0.1182E-01  0.1198E-01  0.1213E-01  0.1228E-01  0.1242E-01  0.1257E-01
 671650  10020  DEUTERON     0- 60 MeV ;    1MeV-steps
  0.9341E-03  0.1344E-02  0.1681E-02  0.1994E-02  0.2286E-02  0.2562E-02
  0.2824E-02  0.3075E-02  0.3316E-02  0.3549E-02  0.3776E-02  0.3998E-02
  0.4215E-02  0.4428E-02  0.4638E-02  0.4845E-02  0.5049E-02  0.5251E-02
  0.5450E-02  0.5646E-02  0.5841E-02  0.6033E-02  0.6223E-02  0.6411E-02
  0.6596E-02  0.6780E-02  0.6961E-02  0.7140E-02  0.7317E-02  0.7492E-02
  0.7666E-02  0.7838E-02  0.8009E-02  0.8178E-02  0.8347E-02  0.8514E-02
  0.8681E-02  0.8847E-02  0.9012E-02  0.9177E-02  0.9342E-02  0.9506E-02
  0.9670E-02  0.9833E-02  0.9996E-02  0.1016E-01  0.1032E-01  0.1048E-01
  0.1064E-01  0.1080E-01  0.1096E-01  0.1112E-01  0.1127E-01  0.1143E-01
  0.1158E-01  0.1173E-01  0.1188E-01  0.1202E-01  0.1217E-01  0.1231E-01
 681660  10020  DEUTERON     0- 60 MeV ;    1MeV-steps
  0.8684E-03  0.1263E-02  0.1627E-02  0.1957E-02  0.2258E-02  0.2535E-02
  0.2793E-02  0.3036E-02  0.3267E-02  0.3488E-02  0.3701E-02  0.3909E-02
  0.4113E-02  0.4314E-02  0.4512E-02  0.4709E-02  0.4904E-02  0.5099E-02
  0.5292E-02  0.5485E-02  0.5677E-02  0.5868E-02  0.6058E-02  0.6246E-02
  0.6433E-02  0.6618E-02  0.6801E-02  0.6982E-02  0.7161E-02  0.7338E-02
  0.7512E-02  0.7683E-02  0.7853E-02  0.8020E-02  0.8185E-02  0.8348E-02
  0.8508E-02  0.8668E-02  0.8825E-02  0.8981E-02  0.9137E-02  0.9291E-02
  0.9444E-02  0.9598E-02  0.9750E-02  0.9903E-02  0.1006E-01  0.1021E-01
  0.1036E-01  0.1052E-01  0.1067E-01  0.1082E-01  0.1098E-01  0.1113E-01
  0.1129E-01  0.1144E-01  0.1159E-01  0.1174E-01  0.1189E-01  0.1205E-01
 691690  10020  DEUTERON     0- 60 MeV ;    1MeV-steps
  0.8865E-03  0.1289E-02  0.1626E-02  0.1934E-02  0.2218E-02  0.2484E-02
  0.2734E-02  0.2971E-02  0.3198E-02  0.3417E-02  0.3629E-02  0.3837E-02
  0.4040E-02  0.4239E-02  0.4436E-02  0.4631E-02  0.4824E-02  0.5014E-02
  0.5203E-02  0.5390E-02  0.5575E-02  0.5759E-02  0.5940E-02  0.6120E-02
  0.6297E-02  0.6473E-02  0.6646E-02  0.6817E-02  0.6986E-02  0.7153E-02
  0.7318E-02  0.7481E-02  0.7643E-02  0.7803E-02  0.7961E-02  0.8119E-02
  0.8275E-02  0.8431E-02  0.8587E-02  0.8741E-02  0.8896E-02  0.9051E-02
  0.9205E-02  0.9360E-02  0.9515E-02  0.9670E-02  0.9824E-02  0.9980E-02
  0.1013E-01  0.1029E-01  0.1044E-01  0.1060E-01  0.1075E-01  0.1090E-01
  0.1105E-01  0.1119E-01  0.1134E-01  0.1148E-01  0.1162E-01  0.1176E-01
 701740  10020  DEUTERON     0- 60 MeV ;    1MeV-steps
  0.1270E-02  0.1797E-02  0.2231E-02  0.2637E-02  0.3019E-02  0.3378E-02
  0.3720E-02  0.4046E-02  0.4358E-02  0.4659E-02  0.4951E-02  0.5234E-02
  0.5512E-02  0.5783E-02  0.6050E-02  0.6313E-02  0.6574E-02  0.6831E-02
  0.7086E-02  0.7339E-02  0.7590E-02  0.7840E-02  0.8088E-02  0.8334E-02
  0.8578E-02  0.8821E-02  0.9062E-02  0.9301E-02  0.9538E-02  0.9773E-02
  0.1001E-01  0.1024E-01  0.1046E-01  0.1069E-01  0.1091E-01  0.1113E-01
  0.1135E-01  0.1157E-01  0.1178E-01  0.1199E-01  0.1220E-01  0.1241E-01
  0.1262E-01  0.1282E-01  0.1302E-01  0.1322E-01  0.1342E-01  0.1362E-01
  0.1382E-01  0.1401E-01  0.1421E-01  0.1441E-01  0.1460E-01  0.1480E-01
  0.1500E-01  0.1520E-01  0.1539E-01  0.1559E-01  0.1579E-01  0.1599E-01
 711750  10020  DEUTERON     0- 60 MeV ;    1MeV-steps
  0.8412E-03  0.1239E-02  0.1560E-02  0.1856E-02  0.2129E-02  0.2384E-02
  0.2624E-02  0.2852E-02  0.3069E-02  0.3278E-02  0.3481E-02  0.3678E-02
  0.3871E-02  0.4061E-02  0.4248E-02  0.4432E-02  0.4615E-02  0.4797E-02
  0.4976E-02  0.5155E-02  0.5331E-02  0.5507E-02  0.5681E-02  0.5854E-02
  0.6024E-02  0.6194E-02  0.6361E-02  0.6527E-02  0.6690E-02  0.6852E-02
  0.7012E-02  0.7171E-02  0.7327E-02  0.7482E-02  0.7635E-02  0.7787E-02
  0.7937E-02  0.8086E-02  0.8234E-02  0.8382E-02  0.8528E-02  0.8674E-02
  0.8820E-02  0.8966E-02  0.9111E-02  0.9257E-02  0.9403E-02  0.9549E-02
  0.9695E-02  0.9841E-02  0.9988E-02  0.1013E-01  0.1028E-01  0.1043E-01
  0.1057E-01  0.1072E-01  0.1086E-01  0.1100E-01  0.1114E-01  0.1128E-01
 721800  10020  DEUTERON     0- 60 MeV ;    1MeV-steps
  0.6835E-03  0.9438E-03  0.1154E-02  0.1355E-02  0.1549E-02  0.1734E-02
  0.1913E-02  0.2084E-02  0.2250E-02  0.2409E-02  0.2564E-02  0.2714E-02
  0.2860E-02  0.3002E-02  0.3141E-02  0.3277E-02  0.3411E-02  0.3544E-02
  0.3674E-02  0.3803E-02  0.3931E-02  0.4058E-02  0.4185E-02  0.4311E-02
  0.4436E-02  0.4561E-02  0.4685E-02  0.4809E-02  0.4932E-02  0.5055E-02
  0.5177E-02  0.5298E-02  0.5418E-02  0.5538E-02  0.5656E-02  0.5773E-02
  0.5889E-02  0.6003E-02  0.6116E-02  0.6228E-02  0.6337E-02  0.6445E-02
  0.6551E-02  0.6656E-02  0.6759E-02  0.6860E-02  0.6960E-02  0.7059E-02
  0.7157E-02  0.7254E-02  0.7350E-02  0.7447E-02  0.7543E-02  0.7639E-02
  0.7736E-02  0.7834E-02  0.7934E-02  0.8035E-02  0.8139E-02  0.8245E-02
 731810  10020  DEUTERON     0- 60 MeV ;    1MeV-steps
  0.5421E-03  0.7673E-03  0.9600E-03  0.1136E-02  0.1299E-02  0.1450E-02
  0.1592E-02  0.1728E-02  0.1857E-02  0.1983E-02  0.2104E-02  0.2223E-02
  0.2340E-02  0.2455E-02  0.2568E-02  0.2680E-02  0.2791E-02  0.2901E-02
  0.3010E-02  0.3118E-02  0.3224E-02  0.3330E-02  0.3434E-02  0.3537E-02
  0.3638E-02  0.3739E-02  0.3838E-02  0.3935E-02  0.4032E-02  0.4127E-02
  0.4221E-02  0.4314E-02  0.4406E-02  0.4497E-02  0.4588E-02  0.4679E-02
  0.4768E-02  0.4858E-02  0.4948E-02  0.5037E-02  0.5127E-02  0.5216E-02
  0.5306E-02  0.5396E-02  0.5486E-02  0.5576E-02  0.5666E-02  0.5757E-02
  0.5846E-02  0.5936E-02  0.6025E-02  0.6113E-02  0.6200E-02  0.6286E-02
  0.6371E-02  0.6454E-02  0.6535E-02  0.6615E-02  0.6692E-02  0.6770E-02
 741840  10020  DEUTERON     0- 60 MeV ;    1MeV-steps
  0.4594E-03  0.6486E-03  0.8307E-03  0.9911E-03  0.1135E-02  0.1265E-02
  0.1386E-02  0.1500E-02  0.1609E-02  0.1715E-02  0.1818E-02  0.1920E-02
  0.2021E-02  0.2121E-02  0.2221E-02  0.2320E-02  0.2419E-02  0.2517E-02
  0.2614E-02  0.2710E-02  0.2805E-02  0.2898E-02  0.2989E-02  0.3078E-02
  0.3165E-02  0.3251E-02  0.3334E-02  0.3415E-02  0.3495E-02  0.3573E-02
  0.3650E-02  0.3726E-02  0.3801E-02  0.3876E-02  0.3950E-02  0.4025E-02
  0.4100E-02  0.4176E-02  0.4253E-02  0.4332E-02  0.4411E-02  0.4492E-02
  0.4574E-02  0.4658E-02  0.4742E-02  0.4828E-02  0.4914E-02  0.5001E-02
  0.5086E-02  0.5172E-02  0.5256E-02  0.5339E-02  0.5419E-02  0.5496E-02
  0.5570E-02  0.5641E-02  0.5706E-02  0.5767E-02  0.5826E-02  0.5882E-02
 751870  10020  DEUTERON     0- 60 MeV ;    1MeV-steps
  0.4449E-03  0.6126E-03  0.7732E-03  0.9172E-03  0.1048E-02  0.1168E-02
  0.1281E-02  0.1387E-02  0.1489E-02  0.1587E-02  0.1683E-02  0.1777E-02
  0.1870E-02  0.1962E-02  0.2053E-02  0.2144E-02  0.2234E-02  0.2323E-02
  0.2411E-02  0.2498E-02  0.2584E-02  0.2669E-02  0.2753E-02  0.2835E-02
  0.2916E-02  0.2995E-02  0.3073E-02  0.3149E-02  0.3224E-02  0.3298E-02
  0.3371E-02  0.3443E-02  0.3514E-02  0.3584E-02  0.3655E-02  0.3725E-02
  0.3794E-02  0.3865E-02  0.3935E-02  0.4005E-02  0.4077E-02  0.4148E-02
  0.4221E-02  0.4293E-02  0.4366E-02  0.4440E-02  0.4513E-02  0.4587E-02
  0.4660E-02  0.4732E-02  0.4804E-02  0.4875E-02  0.4944E-02  0.5011E-02
  0.5079E-02  0.5142E-02  0.5206E-02  0.5266E-02  0.5326E-02  0.5384E-02
 761920  10020  DEUTERON     0- 60 MeV ;    1MeV-steps
  0.4265E-03  0.6119E-03  0.7206E-03  0.8331E-03  0.9472E-03  0.1061E-02
  0.1173E-02  0.1282E-02  0.1388E-02  0.1491E-02  0.1589E-02  0.1683E-02
  0.1774E-02  0.1862E-02  0.1946E-02  0.2028E-02  0.2107E-02  0.2185E-02
  0.2261E-02  0.2336E-02  0.2411E-02  0.2485E-02  0.2560E-02  0.2634E-02
  0.2709E-02  0.2784E-02  0.2860E-02  0.2935E-02  0.3012E-02  0.3088E-02
  0.3164E-02  0.3240E-02  0.3316E-02  0.3392E-02  0.3466E-02  0.3539E-02
  0.3612E-02  0.3683E-02  0.3752E-02  0.3820E-02  0.3886E-02  0.3950E-02
  0.4013E-02  0.4074E-02  0.4134E-02  0.4193E-02  0.4251E-02  0.4308E-02
  0.4366E-02  0.4423E-02  0.4480E-02  0.4539E-02  0.4599E-02  0.4660E-02
  0.4724E-02  0.4790E-02  0.4858E-02  0.4926E-02  0.4999E-02  0.5070E-02
 771930  10020  DEUTERON     0- 60 MeV ;    1MeV-steps
  0.4197E-03  0.5753E-03  0.7353E-03  0.8768E-03  0.1004E-02  0.1119E-02
  0.1226E-02  0.1327E-02  0.1423E-02  0.1515E-02  0.1605E-02  0.1693E-02
  0.1781E-02  0.1867E-02  0.1953E-02  0.2039E-02  0.2124E-02  0.2209E-02
  0.2293E-02  0.2376E-02  0.2458E-02  0.2539E-02  0.2620E-02  0.2698E-02
  0.2776E-02  0.2852E-02  0.2927E-02  0.3000E-02  0.3073E-02  0.3144E-02
  0.3214E-02  0.3283E-02  0.3352E-02  0.3419E-02  0.3487E-02  0.3554E-02
  0.3622E-02  0.3689E-02  0.3757E-02  0.3824E-02  0.3893E-02  0.3961E-02
  0.4030E-02  0.4099E-02  0.4168E-02  0.4237E-02  0.4305E-02  0.4373E-02
  0.4442E-02  0.4507E-02  0.4572E-02  0.4636E-02  0.4698E-02  0.4757E-02
  0.4814E-02  0.4871E-02  0.4923E-02  0.4978E-02  0.5029E-02  0.5080E-02
 781950  10020  DEUTERON     0- 60 MeV ;    1MeV-steps
  0.4826E-03  0.6611E-03  0.8032E-03  0.9376E-03  0.1065E-02  0.1187E-02
  0.1303E-02  0.1414E-02  0.1522E-02  0.1625E-02  0.1726E-02  0.1824E-02
  0.1919E-02  0.2012E-02  0.2103E-02  0.2193E-02  0.2281E-02  0.2368E-02
  0.2453E-02  0.2538E-02  0.2621E-02  0.2704E-02  0.2786E-02  0.2867E-02
  0.2948E-02  0.3028E-02  0.3107E-02  0.3186E-02  0.3264E-02  0.3341E-02
  0.3418E-02  0.3495E-02  0.3570E-02  0.3646E-02  0.3720E-02  0.3794E-02
  0.3868E-02  0.3941E-02  0.4013E-02  0.4085E-02  0.4156E-02  0.4227E-02
  0.4297E-02  0.4367E-02  0.4436E-02  0.4505E-02  0.4573E-02  0.4641E-02
  0.4708E-02  0.4775E-02  0.4841E-02  0.4907E-02  0.4973E-02  0.5038E-02
  0.5104E-02  0.5169E-02  0.5234E-02  0.5299E-02  0.5364E-02  0.5430E-02
 791970  10020  DEUTERON     0- 60 MeV ;    1MeV-steps
  0.4774E-03  0.6799E-03  0.8560E-03  0.1016E-02  0.1163E-02  0.1299E-02
  0.1426E-02  0.1547E-02  0.1663E-02  0.1775E-02  0.1883E-02  0.1989E-02
  0.2093E-02  0.2196E-02  0.2296E-02  0.2396E-02  0.2495E-02  0.2592E-02
  0.2688E-02  0.2784E-02  0.2878E-02  0.2970E-02  0.3062E-02  0.3152E-02
  0.3241E-02  0.3328E-02  0.3414E-02  0.3499E-02  0.3583E-02  0.3666E-02
  0.3748E-02  0.3829E-02  0.3910E-02  0.3990E-02  0.4069E-02  0.4149E-02
  0.4228E-02  0.4308E-02  0.4387E-02  0.4467E-02  0.4547E-02  0.4627E-02
  0.4708E-02  0.4789E-02  0.4869E-02  0.4951E-02  0.5031E-02  0.5112E-02
  0.5192E-02  0.5272E-02  0.5350E-02  0.5428E-02  0.5503E-02  0.5578E-02
  0.5649E-02  0.5721E-02  0.5790E-02  0.5857E-02  0.5922E-02  0.5987E-02
 802020  10020  DEUTERON     0- 60 MeV ;    1MeV-steps
  0.6774E-03  0.9705E-03  0.1239E-02  0.1477E-02  0.1691E-02  0.1886E-02
  0.2066E-02  0.2235E-02  0.2396E-02  0.2552E-02  0.2703E-02  0.2852E-02
  0.2999E-02  0.3145E-02  0.3289E-02  0.3433E-02  0.3576E-02  0.3718E-02
  0.3859E-02  0.3999E-02  0.4137E-02  0.4273E-02  0.4407E-02  0.4538E-02
  0.4667E-02  0.4794E-02  0.4919E-02  0.5041E-02  0.5160E-02  0.5278E-02
  0.5394E-02  0.5508E-02  0.5621E-02  0.5733E-02  0.5844E-02  0.5955E-02
  0.6066E-02  0.6177E-02  0.6288E-02  0.6401E-02  0.6514E-02  0.6629E-02
  0.6745E-02  0.6861E-02  0.6979E-02  0.7097E-02  0.7216E-02  0.7334E-02
  0.7453E-02  0.7570E-02  0.7685E-02  0.7799E-02  0.7910E-02  0.8018E-02
  0.8123E-02  0.8221E-02  0.8318E-02  0.8409E-02  0.8495E-02  0.8584E-02
 812050  10020  DEUTERON     0- 60 MeV ;    1MeV-steps
  0.7842E-03  0.1156E-02  0.1435E-02  0.1692E-02  0.1931E-02  0.2156E-02
  0.2368E-02  0.2570E-02  0.2764E-02  0.2951E-02  0.3132E-02  0.3309E-02
  0.3482E-02  0.3651E-02  0.3818E-02  0.3982E-02  0.4143E-02  0.4302E-02
  0.4459E-02  0.4614E-02  0.4766E-02  0.4917E-02  0.5066E-02  0.5213E-02
  0.5359E-02  0.5503E-02  0.5645E-02  0.5786E-02  0.5926E-02  0.6065E-02
  0.6203E-02  0.6340E-02  0.6477E-02  0.6613E-02  0.6749E-02  0.6884E-02
  0.7020E-02  0.7155E-02  0.7291E-02  0.7426E-02  0.7561E-02  0.7695E-02
  0.7829E-02  0.7963E-02  0.8095E-02  0.8226E-02  0.8355E-02  0.8484E-02
  0.8609E-02  0.8732E-02  0.8853E-02  0.8970E-02  0.9085E-02  0.9196E-02
  0.9304E-02  0.9411E-02  0.9512E-02  0.9614E-02  0.9715E-02  0.9817E-02
 822080  10020  DEUTERON     0- 60 MeV ;    1MeV-steps
  0.7760E-03  0.1166E-02  0.1461E-02  0.1733E-02  0.1985E-02  0.2222E-02
  0.2445E-02  0.2657E-02  0.2861E-02  0.3057E-02  0.3247E-02  0.3433E-02
  0.3614E-02  0.3791E-02  0.3965E-02  0.4137E-02  0.4306E-02  0.4472E-02
  0.4637E-02  0.4799E-02  0.4959E-02  0.5117E-02  0.5274E-02  0.5428E-02
  0.5581E-02  0.5731E-02  0.5880E-02  0.6028E-02  0.6174E-02  0.6319E-02
  0.6462E-02  0.6605E-02  0.6746E-02  0.6887E-02  0.7027E-02  0.7167E-02
  0.7306E-02  0.7445E-02  0.7584E-02  0.7722E-02  0.7860E-02  0.7997E-02
  0.8134E-02  0.8271E-02  0.8406E-02  0.8541E-02  0.8674E-02  0.8806E-02
  0.8935E-02  0.9064E-02  0.9190E-02  0.9314E-02  0.9434E-02  0.9553E-02
  0.9668E-02  0.9781E-02  0.9894E-02  0.1000E-01  0.1011E-01  0.1022E-01
 832090  10020  DEUTERON     0- 60 MeV ;    1MeV-steps
  0.8289E-03  0.1308E-02  0.1677E-02  0.2015E-02  0.2325E-02  0.2612E-02
  0.2880E-02  0.3133E-02  0.3372E-02  0.3601E-02  0.3822E-02  0.4035E-02
  0.4242E-02  0.4445E-02  0.4645E-02  0.4841E-02  0.5035E-02  0.5226E-02
  0.5416E-02  0.5604E-02  0.5791E-02  0.5976E-02  0.6160E-02  0.6342E-02
  0.6522E-02  0.6701E-02  0.6879E-02  0.7054E-02  0.7229E-02  0.7401E-02
  0.7571E-02  0.7740E-02  0.7907E-02  0.8073E-02  0.8237E-02  0.8399E-02
  0.8560E-02  0.8720E-02  0.8879E-02  0.9036E-02  0.9193E-02  0.9348E-02
  0.9503E-02  0.9657E-02  0.9810E-02  0.9963E-02  0.1011E-01  0.1027E-01
  0.1042E-01  0.1057E-01  0.1072E-01  0.1087E-01  0.1101E-01  0.1116E-01
  0.1131E-01  0.1145E-01  0.1160E-01  0.1174E-01  0.1188E-01  0.1202E-01
 842090  10020  DEUTERON     0- 60 MeV ;    1MeV-steps
  0.9268E-03  0.1428E-02  0.1792E-02  0.2130E-02  0.2444E-02  0.2739E-02
  0.3016E-02  0.3279E-02  0.3528E-02  0.3767E-02  0.3996E-02  0.4218E-02
  0.4433E-02  0.4643E-02  0.4849E-02  0.5051E-02  0.5251E-02  0.5448E-02
  0.5643E-02  0.5836E-02  0.6028E-02  0.6219E-02  0.6409E-02  0.6598E-02
  0.6785E-02  0.6972E-02  0.7157E-02  0.7341E-02  0.7523E-02  0.7704E-02
  0.7884E-02  0.8062E-02  0.8238E-02  0.8412E-02  0.8585E-02  0.8755E-02
  0.8924E-02  0.9091E-02  0.9256E-02  0.9420E-02  0.9583E-02  0.9744E-02
  0.9904E-02  0.1006E-01  0.1022E-01  0.1038E-01  0.1054E-01  0.1070E-01
  0.1086E-01  0.1101E-01  0.1117E-01  0.1133E-01  0.1150E-01  0.1166E-01
  0.1182E-01  0.1198E-01  0.1214E-01  0.1231E-01  0.1247E-01  0.1262E-01
 852100  10020  DEUTERON     0- 60 MeV ;    1MeV-steps
  0.1930E-02  0.2765E-02  0.3405E-02  0.3995E-02  0.4544E-02  0.5058E-02
  0.5545E-02  0.6009E-02  0.6454E-02  0.6884E-02  0.7301E-02  0.7709E-02
  0.8109E-02  0.8501E-02  0.8888E-02  0.9270E-02  0.9647E-02  0.1002E-01
  0.1039E-01  0.1075E-01  0.1112E-01  0.1147E-01  0.1183E-01  0.1218E-01
  0.1252E-01  0.1286E-01  0.1320E-01  0.1353E-01  0.1386E-01  0.1419E-01
  0.1451E-01  0.1483E-01  0.1515E-01  0.1546E-01  0.1577E-01  0.1608E-01
  0.1638E-01  0.1669E-01  0.1699E-01  0.1730E-01  0.1760E-01  0.1790E-01
  0.1820E-01  0.1850E-01  0.1880E-01  0.1910E-01  0.1940E-01  0.1970E-01
  0.1999E-01  0.2029E-01  0.2058E-01  0.2087E-01  0.2115E-01  0.2143E-01
  0.2172E-01  0.2199E-01  0.2226E-01  0.2253E-01  0.2279E-01  0.2305E-01
 862220  10020  DEUTERON     0- 60 MeV ;    1MeV-steps
  0.1837E-02  0.2693E-02  0.3373E-02  0.4003E-02  0.4591E-02  0.5144E-02
  0.5666E-02  0.6162E-02  0.6637E-02  0.7094E-02  0.7536E-02  0.7966E-02
  0.8385E-02  0.8795E-02  0.9197E-02  0.9592E-02  0.9982E-02  0.1037E-01
  0.1075E-01  0.1112E-01  0.1149E-01  0.1186E-01  0.1222E-01  0.1258E-01
  0.1294E-01  0.1329E-01  0.1364E-01  0.1398E-01  0.1432E-01  0.1466E-01
  0.1500E-01  0.1533E-01  0.1566E-01  0.1599E-01  0.1632E-01  0.1664E-01
  0.1696E-01  0.1729E-01  0.1761E-01  0.1792E-01  0.1824E-01  0.1856E-01
  0.1887E-01  0.1919E-01  0.1950E-01  0.1981E-01  0.2013E-01  0.2044E-01
  0.2075E-01  0.2105E-01  0.2136E-01  0.2166E-01  0.2196E-01  0.2226E-01
  0.2256E-01  0.2285E-01  0.2314E-01  0.2342E-01  0.2370E-01  0.2398E-01
 872230  10020  DEUTERON     0- 60 MeV ;    1MeV-steps
  0.1811E-02  0.2725E-02  0.3413E-02  0.4052E-02  0.4648E-02  0.5208E-02
  0.5736E-02  0.6237E-02  0.6715E-02  0.7173E-02  0.7615E-02  0.8042E-02
  0.8458E-02  0.8865E-02  0.9263E-02  0.9654E-02  0.1004E-01  0.1042E-01
  0.1080E-01  0.1117E-01  0.1154E-01  0.1190E-01  0.1227E-01  0.1263E-01
  0.1298E-01  0.1334E-01  0.1369E-01  0.1404E-01  0.1439E-01  0.1473E-01
  0.1508E-01  0.1542E-01  0.1575E-01  0.1609E-01  0.1642E-01  0.1674E-01
  0.1707E-01  0.1739E-01  0.1771E-01  0.1803E-01  0.1834E-01  0.1866E-01
  0.1897E-01  0.1928E-01  0.1958E-01  0.1989E-01  0.2019E-01  0.2050E-01
  0.2080E-01  0.2110E-01  0.2140E-01  0.2169E-01  0.2199E-01  0.2228E-01
  0.2258E-01  0.2287E-01  0.2316E-01  0.2345E-01  0.2374E-01  0.2403E-01
 882260  10020  DEUTERON     0- 60 MeV ;    1MeV-steps
  0.1609E-02  0.2610E-02  0.3366E-02  0.4046E-02  0.4665E-02  0.5233E-02
  0.5761E-02  0.6256E-02  0.6725E-02  0.7174E-02  0.7607E-02  0.8028E-02
  0.8440E-02  0.8845E-02  0.9245E-02  0.9641E-02  0.1003E-01  0.1042E-01
  0.1081E-01  0.1119E-01  0.1157E-01  0.1195E-01  0.1232E-01  0.1269E-01
  0.1305E-01  0.1341E-01  0.1377E-01  0.1412E-01  0.1447E-01  0.1481E-01
  0.1515E-01  0.1548E-01  0.1581E-01  0.1613E-01  0.1645E-01  0.1677E-01
  0.1709E-01  0.1740E-01  0.1771E-01  0.1803E-01  0.1833E-01  0.1864E-01
  0.1895E-01  0.1926E-01  0.1957E-01  0.1988E-01  0.2019E-01  0.2050E-01
  0.2081E-01  0.2111E-01  0.2142E-01  0.2172E-01  0.2203E-01  0.2233E-01
  0.2262E-01  0.2292E-01  0.2321E-01  0.2350E-01  0.2378E-01  0.2405E-01
 892270  10020  DEUTERON     0- 60 MeV ;    1MeV-steps
  0.7858E-03  0.1288E-02  0.1676E-02  0.2020E-02  0.2328E-02  0.2608E-02
  0.2867E-02  0.3109E-02  0.3339E-02  0.3559E-02  0.3773E-02  0.3982E-02
  0.4188E-02  0.4390E-02  0.4591E-02  0.4790E-02  0.4988E-02  0.5183E-02
  0.5376E-02  0.5568E-02  0.5756E-02  0.5943E-02  0.6126E-02  0.6306E-02
  0.6483E-02  0.6657E-02  0.6829E-02  0.6997E-02  0.7162E-02  0.7326E-02
  0.7487E-02  0.7646E-02  0.7805E-02  0.7962E-02  0.8119E-02  0.8277E-02
  0.8434E-02  0.8592E-02  0.8751E-02  0.8912E-02  0.9073E-02  0.9235E-02
  0.9398E-02  0.9564E-02  0.9727E-02  0.9892E-02  0.1006E-01  0.1022E-01
  0.1038E-01  0.1054E-01  0.1069E-01  0.1084E-01  0.1098E-01  0.1112E-01
  0.1126E-01  0.1138E-01  0.1150E-01  0.1162E-01  0.1173E-01  0.1184E-01
 902320  10020  DEUTERON     0- 60 MeV ;    1MeV-steps
  0.7280E-03  0.1158E-02  0.1463E-02  0.1744E-02  0.2006E-02  0.2251E-02
  0.2481E-02  0.2698E-02  0.2906E-02  0.3105E-02  0.3296E-02  0.3481E-02
  0.3662E-02  0.3838E-02  0.4010E-02  0.4180E-02  0.4347E-02  0.4512E-02
  0.4674E-02  0.4836E-02  0.4996E-02  0.5154E-02  0.5311E-02  0.5467E-02
  0.5621E-02  0.5775E-02  0.5927E-02  0.6078E-02  0.6228E-02  0.6376E-02
  0.6523E-02  0.6669E-02  0.6814E-02  0.6958E-02  0.7100E-02  0.7241E-02
  0.7381E-02  0.7520E-02  0.7658E-02  0.7795E-02  0.7931E-02  0.8065E-02
  0.8199E-02  0.8332E-02  0.8464E-02  0.8595E-02  0.8725E-02  0.8855E-02
  0.8984E-02  0.9112E-02  0.9239E-02  0.9365E-02  0.9490E-02  0.9616E-02
  0.9740E-02  0.9865E-02  0.9988E-02  0.1011E-01  0.1023E-01  0.1036E-01
 912310  10020  DEUTERON     0- 60 MeV ;    1MeV-steps
  0.5793E-03  0.8961E-03  0.1135E-02  0.1351E-02  0.1548E-02  0.1730E-02
  0.1900E-02  0.2060E-02  0.2213E-02  0.2360E-02  0.2503E-02  0.2642E-02
  0.2778E-02  0.2913E-02  0.3045E-02  0.3176E-02  0.3305E-02  0.3433E-02
  0.3560E-02  0.3685E-02  0.3809E-02  0.3931E-02  0.4051E-02  0.4169E-02
  0.4286E-02  0.4400E-02  0.4513E-02  0.4624E-02  0.4733E-02  0.4841E-02
  0.4948E-02  0.5053E-02  0.5157E-02  0.5260E-02  0.5363E-02  0.5465E-02
  0.5567E-02  0.5669E-02  0.5772E-02  0.5874E-02  0.5977E-02  0.6080E-02
  0.6184E-02  0.6288E-02  0.6393E-02  0.6498E-02  0.6603E-02  0.6708E-02
  0.6812E-02  0.6916E-02  0.7019E-02  0.7121E-02  0.7221E-02  0.7320E-02
  0.7415E-02  0.7509E-02  0.7600E-02  0.7689E-02  0.7775E-02  0.7862E-02
 922380  10020  DEUTERON     0- 60 MeV ;    1MeV-steps
  0.4623E-03  0.7155E-03  0.9169E-03  0.1098E-02  0.1262E-02  0.1413E-02
  0.1553E-02  0.1686E-02  0.1812E-02  0.1933E-02  0.2050E-02  0.2164E-02
  0.2277E-02  0.2387E-02  0.2496E-02  0.2604E-02  0.2710E-02  0.2815E-02
  0.2919E-02  0.3022E-02  0.3123E-02  0.3222E-02  0.3320E-02  0.3417E-02
  0.3511E-02  0.3605E-02  0.3696E-02  0.3786E-02  0.3875E-02  0.3963E-02
  0.4050E-02  0.4135E-02  0.4221E-02  0.4305E-02  0.4390E-02  0.4475E-02
  0.4560E-02  0.4645E-02  0.4731E-02  0.4818E-02  0.4905E-02  0.4993E-02
  0.5082E-02  0.5172E-02  0.5263E-02  0.5354E-02  0.5444E-02  0.5535E-02
  0.5626E-02  0.5715E-02  0.5803E-02  0.5891E-02  0.5975E-02  0.6057E-02
  0.6135E-02  0.6211E-02  0.6284E-02  0.6352E-02  0.6417E-02  0.6478E-02
 932370  10020  DEUTERON     0- 60 MeV ;    1MeV-steps
  0.3221E-03  0.5753E-03  0.7767E-03  0.9575E-03  0.1122E-02  0.1273E-02
  0.1413E-02  0.1545E-02  0.1671E-02  0.1792E-02  0.1910E-02  0.2024E-02
  0.2136E-02  0.2247E-02  0.2356E-02  0.2463E-02  0.2570E-02  0.2675E-02
  0.2779E-02  0.2881E-02  0.2982E-02  0.3082E-02  0.3180E-02  0.3276E-02
  0.3371E-02  0.3464E-02  0.3556E-02  0.3646E-02  0.3735E-02  0.3823E-02
  0.3909E-02  0.3995E-02  0.4080E-02  0.4165E-02  0.4250E-02  0.4335E-02
  0.4420E-02  0.4505E-02  0.4591E-02  0.4678E-02  0.4765E-02  0.4853E-02
  0.4942E-02  0.5032E-02  0.5123E-02  0.5213E-02  0.5304E-02  0.5395E-02
  0.5485E-02  0.5575E-02  0.5663E-02  0.5751E-02  0.5835E-02  0.5916E-02
  0.5995E-02  0.6071E-02  0.6144E-02  0.6212E-02  0.6277E-02  0.6338E-02
 942440  10020  DEUTERON     0- 60 MeV ;    1MeV-steps
  0.3826E-03  0.6358E-03  0.8372E-03  0.1018E-02  0.1182E-02  0.1333E-02
  0.1474E-02  0.1606E-02  0.1732E-02  0.1853E-02  0.1970E-02  0.2085E-02
  0.2197E-02  0.2307E-02  0.2416E-02  0.2524E-02  0.2630E-02  0.2735E-02
  0.2839E-02  0.2942E-02  0.3043E-02  0.3142E-02  0.3240E-02  0.3337E-02
  0.3432E-02  0.3525E-02  0.3616E-02  0.3707E-02  0.3796E-02  0.3883E-02
  0.3970E-02  0.4056E-02  0.4141E-02  0.4226E-02  0.4310E-02  0.4395E-02
  0.4480E-02  0.4565E-02  0.4651E-02  0.4738E-02  0.4825E-02  0.4914E-02
  0.5003E-02  0.5092E-02  0.5183E-02  0.5274E-02  0.5364E-02  0.5456E-02
  0.5546E-02  0.5635E-02  0.5724E-02  0.5811E-02  0.5895E-02  0.5977E-02
  0.6056E-02  0.6131E-02  0.6205E-02  0.6272E-02  0.6337E-02  0.6398E-02
 952430  10020  DEUTERON     0- 60 MeV ;    1MeV-steps
  0.1366E-02  0.1619E-02  0.1820E-02  0.2001E-02  0.2165E-02  0.2316E-02
  0.2457E-02  0.2589E-02  0.2715E-02  0.2836E-02  0.2953E-02  0.3068E-02
  0.3180E-02  0.3290E-02  0.3399E-02  0.3507E-02  0.3613E-02  0.3718E-02
  0.3822E-02  0.3925E-02  0.4026E-02  0.4125E-02  0.4223E-02  0.4320E-02
  0.4415E-02  0.4508E-02  0.4599E-02  0.4690E-02  0.4778E-02  0.4866E-02
  0.4953E-02  0.5039E-02  0.5124E-02  0.5209E-02  0.5293E-02  0.5378E-02
  0.5463E-02  0.5548E-02  0.5634E-02  0.5721E-02  0.5808E-02  0.5897E-02
  0.5986E-02  0.6075E-02  0.6166E-02  0.6257E-02  0.6347E-02  0.6439E-02
  0.6529E-02  0.6618E-02  0.6707E-02  0.6794E-02  0.6878E-02  0.6960E-02
  0.7039E-02  0.7114E-02  0.7188E-02  0.7255E-02  0.7320E-02  0.7381E-02
 962470  10020  DEUTERON     0- 60 MeV ;    1MeV-steps
  0.1454E-02  0.1707E-02  0.1909E-02  0.2090E-02  0.2254E-02  0.2405E-02
  0.2545E-02  0.2677E-02  0.2803E-02  0.2924E-02  0.3042E-02  0.3156E-02
  0.3268E-02  0.3379E-02  0.3488E-02  0.3596E-02  0.3702E-02  0.3807E-02
  0.3911E-02  0.4013E-02  0.4114E-02  0.4214E-02  0.4312E-02  0.4408E-02
  0.4503E-02  0.4596E-02  0.4688E-02  0.4778E-02  0.4867E-02  0.4955E-02
  0.5041E-02  0.5127E-02  0.5212E-02  0.5297E-02  0.5382E-02  0.5467E-02
  0.5552E-02  0.5637E-02  0.5723E-02  0.5810E-02  0.5897E-02  0.5985E-02
  0.6074E-02  0.6164E-02  0.6255E-02  0.6345E-02  0.6436E-02  0.6527E-02
  0.6617E-02  0.6707E-02  0.6795E-02  0.6883E-02  0.6967E-02  0.7048E-02
  0.7127E-02  0.7203E-02  0.7276E-02  0.7344E-02  0.7409E-02  0.7470E-02
