  10010  10010  PROTON     0- 60 MeV ;    1MeV-steps
  0.1297E-01  0.2797E-01  0.4230E-01  0.5614E-01  0.6955E-01  0.8259E-01
  0.9530E-01  0.1077E+00  0.1198E+00  0.1318E+00  0.1435E+00  0.1550E+00
  0.1664E+00  0.1776E+00  0.1886E+00  0.1996E+00  0.2104E+00  0.2212E+00
  0.2318E+00  0.2424E+00  0.2529E+00  0.2632E+00  0.2736E+00  0.2838E+00
  0.2939E+00  0.3040E+00  0.3140E+00  0.3240E+00  0.3338E+00  0.3436E+00
  0.3534E+00  0.3630E+00  0.3726E+00  0.3822E+00  0.3917E+00  0.4011E+00
  0.4104E+00  0.4197E+00  0.4290E+00  0.4381E+00  0.4473E+00  0.4564E+00
  0.4654E+00  0.4744E+00  0.4833E+00  0.4922E+00  0.5011E+00  0.5099E+00
  0.5187E+00  0.5275E+00  0.5361E+00  0.5448E+00  0.5535E+00  0.5620E+00
  0.5706E+00  0.5791E+00  0.5876E+00  0.5961E+00  0.6045E+00  0.6128E+00
  20040  10010  PROTON     0- 60 MeV ;    1MeV-steps
  0.1800E-01  0.3802E-01  0.5661E-01  0.7447E-01  0.9169E-01  0.1083E+00
  0.1245E+00  0.1403E+00  0.1556E+00  0.1707E+00  0.1855E+00  0.2000E+00
  0.2143E+00  0.2284E+00  0.2424E+00  0.2562E+00  0.2698E+00  0.2833E+00
  0.2967E+00  0.3100E+00  0.3231E+00  0.3362E+00  0.3492E+00  0.3620E+00
  0.3748E+00  0.3874E+00  0.4000E+00  0.4124E+00  0.4248E+00  0.4371E+00
  0.4493E+00  0.4614E+00  0.4734E+00  0.4854E+00  0.4972E+00  0.5090E+00
  0.5207E+00  0.5323E+00  0.5438E+00  0.5553E+00  0.5667E+00  0.5781E+00
  0.5894E+00  0.6006E+00  0.6118E+00  0.6229E+00  0.6340E+00  0.6450E+00
  0.6559E+00  0.6668E+00  0.6777E+00  0.6885E+00  0.6993E+00  0.7100E+00
  0.7206E+00  0.7313E+00  0.7418E+00  0.7523E+00  0.7628E+00  0.7731E+00
  30070  10010  PROTON     0- 60 MeV ;    1MeV-steps
  0.5309E-02  0.1091E-01  0.1597E-01  0.2082E-01  0.2549E-01  0.3000E-01
  0.3438E-01  0.3864E-01  0.4280E-01  0.4687E-01  0.5085E-01  0.5477E-01
  0.5862E-01  0.6243E-01  0.6618E-01  0.6989E-01  0.7356E-01  0.7720E-01
  0.8080E-01  0.8438E-01  0.8792E-01  0.9144E-01  0.9493E-01  0.9839E-01
  0.1018E+00  0.1052E+00  0.1086E+00  0.1120E+00  0.1153E+00  0.1186E+00
  0.1219E+00  0.1252E+00  0.1284E+00  0.1316E+00  0.1348E+00  0.1380E+00
  0.1411E+00  0.1443E+00  0.1474E+00  0.1504E+00  0.1535E+00  0.1565E+00
  0.1595E+00  0.1625E+00  0.1655E+00  0.1685E+00  0.1715E+00  0.1744E+00
  0.1773E+00  0.1803E+00  0.1832E+00  0.1861E+00  0.1890E+00  0.1918E+00
  0.1947E+00  0.1976E+00  0.2004E+00  0.2033E+00  0.2061E+00  0.2089E+00
  40090  10010  PROTON     0- 60 MeV ;    1MeV-steps
  0.1626E-02  0.3235E-02  0.4747E-02  0.6180E-02  0.7547E-02  0.8860E-02
  0.1013E-01  0.1136E-01  0.1255E-01  0.1373E-01  0.1488E-01  0.1601E-01
  0.1712E-01  0.1823E-01  0.1932E-01  0.2040E-01  0.2147E-01  0.2253E-01
  0.2358E-01  0.2463E-01  0.2567E-01  0.2669E-01  0.2771E-01  0.2873E-01
  0.2973E-01  0.3072E-01  0.3170E-01  0.3268E-01  0.3364E-01  0.3460E-01
  0.3555E-01  0.3649E-01  0.3742E-01  0.3835E-01  0.3927E-01  0.4018E-01
  0.4108E-01  0.4198E-01  0.4288E-01  0.4377E-01  0.4466E-01  0.4554E-01
  0.4642E-01  0.4729E-01  0.4817E-01  0.4904E-01  0.4991E-01  0.5077E-01
  0.5163E-01  0.5249E-01  0.5334E-01  0.5420E-01  0.5504E-01  0.5588E-01
  0.5672E-01  0.5755E-01  0.5837E-01  0.5920E-01  0.6000E-01  0.6081E-01
  50110  10010  PROTON     0- 60 MeV ;    1MeV-steps
  0.1332E-02  0.2605E-02  0.3746E-02  0.4837E-02  0.5886E-02  0.6899E-02
  0.7881E-02  0.8836E-02  0.9770E-02  0.1068E-01  0.1158E-01  0.1247E-01
  0.1334E-01  0.1420E-01  0.1505E-01  0.1589E-01  0.1673E-01  0.1755E-01
  0.1837E-01  0.1918E-01  0.1998E-01  0.2078E-01  0.2156E-01  0.2234E-01
  0.2312E-01  0.2388E-01  0.2464E-01  0.2539E-01  0.2614E-01  0.2688E-01
  0.2761E-01  0.2834E-01  0.2906E-01  0.2978E-01  0.3049E-01  0.3120E-01
  0.3190E-01  0.3260E-01  0.3330E-01  0.3399E-01  0.3468E-01  0.3536E-01
  0.3605E-01  0.3673E-01  0.3741E-01  0.3808E-01  0.3876E-01  0.3943E-01
  0.4009E-01  0.4075E-01  0.4141E-01  0.4207E-01  0.4272E-01  0.4337E-01
  0.4401E-01  0.4464E-01  0.4527E-01  0.4590E-01  0.4652E-01  0.4713E-01
  60120  10010  PROTON     0- 60 MeV ;    1MeV-steps
  0.1387E-02  0.2720E-02  0.3905E-02  0.5040E-02  0.6132E-02  0.7187E-02
  0.8209E-02  0.9202E-02  0.1017E-01  0.1112E-01  0.1205E-01  0.1296E-01
  0.1386E-01  0.1475E-01  0.1562E-01  0.1649E-01  0.1734E-01  0.1819E-01
  0.1903E-01  0.1986E-01  0.2069E-01  0.2151E-01  0.2232E-01  0.2313E-01
  0.2393E-01  0.2472E-01  0.2551E-01  0.2629E-01  0.2707E-01  0.2784E-01
  0.2860E-01  0.2936E-01  0.3011E-01  0.3086E-01  0.3160E-01  0.3234E-01
  0.3307E-01  0.3380E-01  0.3452E-01  0.3524E-01  0.3595E-01  0.3666E-01
  0.3737E-01  0.3807E-01  0.3876E-01  0.3946E-01  0.4015E-01  0.4084E-01
  0.4152E-01  0.4220E-01  0.4288E-01  0.4355E-01  0.4422E-01  0.4489E-01
  0.4555E-01  0.4621E-01  0.4686E-01  0.4751E-01  0.4816E-01  0.4880E-01
  70140  10010  PROTON     0- 60 MeV ;    1MeV-steps
  0.3917E-02  0.7305E-02  0.1038E-01  0.1333E-01  0.1619E-01  0.1895E-01
  0.2163E-01  0.2424E-01  0.2679E-01  0.2928E-01  0.3173E-01  0.3413E-01
  0.3650E-01  0.3883E-01  0.4113E-01  0.4340E-01  0.4565E-01  0.4787E-01
  0.5007E-01  0.5225E-01  0.5442E-01  0.5656E-01  0.5869E-01  0.6080E-01
  0.6290E-01  0.6498E-01  0.6704E-01  0.6909E-01  0.7112E-01  0.7314E-01
  0.7514E-01  0.7713E-01  0.7910E-01  0.8106E-01  0.8301E-01  0.8494E-01
  0.8686E-01  0.8876E-01  0.9066E-01  0.9254E-01  0.9440E-01  0.9626E-01
  0.9811E-01  0.9994E-01  0.1018E+00  0.1036E+00  0.1054E+00  0.1072E+00
  0.1090E+00  0.1107E+00  0.1125E+00  0.1143E+00  0.1160E+00  0.1178E+00
  0.1195E+00  0.1212E+00  0.1230E+00  0.1247E+00  0.1264E+00  0.1281E+00
  80160  10010  PROTON     0- 60 MeV ;    1MeV-steps
  0.2932E-02  0.5340E-02  0.7578E-02  0.9728E-02  0.1180E-01  0.1380E-01
  0.1575E-01  0.1764E-01  0.1948E-01  0.2128E-01  0.2305E-01  0.2478E-01
  0.2649E-01  0.2817E-01  0.2982E-01  0.3146E-01  0.3308E-01  0.3468E-01
  0.3627E-01  0.3784E-01  0.3940E-01  0.4095E-01  0.4248E-01  0.4400E-01
  0.4551E-01  0.4701E-01  0.4850E-01  0.4998E-01  0.5144E-01  0.5289E-01
  0.5433E-01  0.5577E-01  0.5718E-01  0.5859E-01  0.5999E-01  0.6138E-01
  0.6275E-01  0.6412E-01  0.6547E-01  0.6682E-01  0.6816E-01  0.6949E-01
  0.7081E-01  0.7213E-01  0.7344E-01  0.7474E-01  0.7604E-01  0.7733E-01
  0.7862E-01  0.7990E-01  0.8119E-01  0.8246E-01  0.8374E-01  0.8501E-01
  0.8628E-01  0.8754E-01  0.8880E-01  0.9005E-01  0.9130E-01  0.9254E-01
  90190  10010  PROTON     0- 60 MeV ;    1MeV-steps
  0.3380E-02  0.6061E-02  0.8595E-02  0.1101E-01  0.1333E-01  0.1556E-01
  0.1771E-01  0.1981E-01  0.2185E-01  0.2384E-01  0.2580E-01  0.2772E-01
  0.2961E-01  0.3148E-01  0.3333E-01  0.3515E-01  0.3696E-01  0.3874E-01
  0.4051E-01  0.4227E-01  0.4401E-01  0.4573E-01  0.4744E-01  0.4913E-01
  0.5081E-01  0.5247E-01  0.5412E-01  0.5575E-01  0.5737E-01  0.5898E-01
  0.6057E-01  0.6215E-01  0.6372E-01  0.6527E-01  0.6682E-01  0.6835E-01
  0.6987E-01  0.7138E-01  0.7288E-01  0.7438E-01  0.7587E-01  0.7734E-01
  0.7882E-01  0.8028E-01  0.8174E-01  0.8319E-01  0.8463E-01  0.8607E-01
  0.8750E-01  0.8892E-01  0.9034E-01  0.9174E-01  0.9314E-01  0.9453E-01
  0.9591E-01  0.9728E-01  0.9864E-01  0.9999E-01  0.1013E+00  0.1027E+00
 100200  10010  PROTON     0- 60 MeV ;    1MeV-steps
  0.3064E-02  0.5604E-02  0.7944E-02  0.1017E-01  0.1229E-01  0.1433E-01
  0.1630E-01  0.1821E-01  0.2006E-01  0.2187E-01  0.2364E-01  0.2538E-01
  0.2708E-01  0.2877E-01  0.3043E-01  0.3208E-01  0.3370E-01  0.3531E-01
  0.3691E-01  0.3849E-01  0.4006E-01  0.4162E-01  0.4316E-01  0.4469E-01
  0.4620E-01  0.4771E-01  0.4920E-01  0.5068E-01  0.5214E-01  0.5359E-01
  0.5504E-01  0.5646E-01  0.5788E-01  0.5929E-01  0.6068E-01  0.6207E-01
  0.6344E-01  0.6480E-01  0.6616E-01  0.6751E-01  0.6885E-01  0.7018E-01
  0.7150E-01  0.7282E-01  0.7414E-01  0.7545E-01  0.7674E-01  0.7804E-01
  0.7933E-01  0.8062E-01  0.8190E-01  0.8318E-01  0.8444E-01  0.8571E-01
  0.8696E-01  0.8821E-01  0.8945E-01  0.9069E-01  0.9191E-01  0.9313E-01
 110230  10010  PROTON     0- 60 MeV ;    1MeV-steps
  0.3846E-02  0.7335E-02  0.1044E-01  0.1337E-01  0.1615E-01  0.1881E-01
  0.2136E-01  0.2383E-01  0.2622E-01  0.2856E-01  0.3085E-01  0.3310E-01
  0.3531E-01  0.3749E-01  0.3965E-01  0.4179E-01  0.4390E-01  0.4600E-01
  0.4808E-01  0.5014E-01  0.5218E-01  0.5420E-01  0.5621E-01  0.5819E-01
  0.6016E-01  0.6211E-01  0.6404E-01  0.6596E-01  0.6785E-01  0.6973E-01
  0.7159E-01  0.7343E-01  0.7525E-01  0.7707E-01  0.7886E-01  0.8065E-01
  0.8242E-01  0.8418E-01  0.8593E-01  0.8767E-01  0.8940E-01  0.9113E-01
  0.9285E-01  0.9456E-01  0.9627E-01  0.9797E-01  0.9967E-01  0.1014E+00
  0.1030E+00  0.1047E+00  0.1064E+00  0.1080E+00  0.1097E+00  0.1113E+00
  0.1130E+00  0.1146E+00  0.1162E+00  0.1177E+00  0.1193E+00  0.1209E+00
 120240  10010  PROTON     0- 60 MeV ;    1MeV-steps
  0.2250E-02  0.4060E-02  0.5742E-02  0.7336E-02  0.8854E-02  0.1031E-01
  0.1171E-01  0.1306E-01  0.1437E-01  0.1565E-01  0.1690E-01  0.1812E-01
  0.1933E-01  0.2052E-01  0.2169E-01  0.2285E-01  0.2400E-01  0.2513E-01
  0.2626E-01  0.2738E-01  0.2848E-01  0.2958E-01  0.3067E-01  0.3175E-01
  0.3282E-01  0.3389E-01  0.3494E-01  0.3599E-01  0.3702E-01  0.3805E-01
  0.3907E-01  0.4007E-01  0.4107E-01  0.4207E-01  0.4305E-01  0.4402E-01
  0.4499E-01  0.4595E-01  0.4690E-01  0.4785E-01  0.4879E-01  0.4973E-01
  0.5066E-01  0.5158E-01  0.5250E-01  0.5342E-01  0.5434E-01  0.5525E-01
  0.5615E-01  0.5706E-01  0.5796E-01  0.5886E-01  0.5975E-01  0.6065E-01
  0.6154E-01  0.6242E-01  0.6330E-01  0.6417E-01  0.6504E-01  0.6591E-01
 130270  10010  PROTON     0- 60 MeV ;    1MeV-steps
  0.1493E-02  0.2745E-02  0.3852E-02  0.4904E-02  0.5910E-02  0.6875E-02
  0.7807E-02  0.8709E-02  0.9587E-02  0.1044E-01  0.1128E-01  0.1210E-01
  0.1291E-01  0.1371E-01  0.1450E-01  0.1527E-01  0.1604E-01  0.1680E-01
  0.1755E-01  0.1830E-01  0.1904E-01  0.1977E-01  0.2049E-01  0.2121E-01
  0.2192E-01  0.2262E-01  0.2332E-01  0.2401E-01  0.2470E-01  0.2538E-01
  0.2605E-01  0.2672E-01  0.2738E-01  0.2804E-01  0.2869E-01  0.2934E-01
  0.2999E-01  0.3063E-01  0.3127E-01  0.3191E-01  0.3254E-01  0.3317E-01
  0.3379E-01  0.3442E-01  0.3504E-01  0.3566E-01  0.3627E-01  0.3689E-01
  0.3750E-01  0.3810E-01  0.3871E-01  0.3930E-01  0.3990E-01  0.4049E-01
  0.4107E-01  0.4165E-01  0.4222E-01  0.4280E-01  0.4335E-01  0.4392E-01
 140280  10010  PROTON     0- 60 MeV ;    1MeV-steps
  0.1691E-02  0.3094E-02  0.4373E-02  0.5580E-02  0.6726E-02  0.7821E-02
  0.8872E-02  0.9886E-02  0.1087E-01  0.1183E-01  0.1277E-01  0.1369E-01
  0.1459E-01  0.1548E-01  0.1636E-01  0.1723E-01  0.1809E-01  0.1894E-01
  0.1979E-01  0.2062E-01  0.2145E-01  0.2227E-01  0.2309E-01  0.2390E-01
  0.2470E-01  0.2549E-01  0.2628E-01  0.2706E-01  0.2783E-01  0.2860E-01
  0.2936E-01  0.3011E-01  0.3086E-01  0.3160E-01  0.3234E-01  0.3307E-01
  0.3379E-01  0.3452E-01  0.3523E-01  0.3595E-01  0.3666E-01  0.3736E-01
  0.3807E-01  0.3877E-01  0.3946E-01  0.4016E-01  0.4085E-01  0.4153E-01
  0.4222E-01  0.4290E-01  0.4357E-01  0.4424E-01  0.4490E-01  0.4556E-01
  0.4621E-01  0.4686E-01  0.4750E-01  0.4813E-01  0.4876E-01  0.4939E-01
 150310  10010  PROTON     0- 60 MeV ;    1MeV-steps
  0.2217E-02  0.4100E-02  0.5739E-02  0.7305E-02  0.8807E-02  0.1025E-01
  0.1165E-01  0.1300E-01  0.1431E-01  0.1559E-01  0.1684E-01  0.1806E-01
  0.1926E-01  0.2044E-01  0.2160E-01  0.2274E-01  0.2388E-01  0.2499E-01
  0.2610E-01  0.2720E-01  0.2829E-01  0.2936E-01  0.3044E-01  0.3150E-01
  0.3255E-01  0.3360E-01  0.3464E-01  0.3567E-01  0.3669E-01  0.3771E-01
  0.3872E-01  0.3972E-01  0.4072E-01  0.4170E-01  0.4268E-01  0.4365E-01
  0.4462E-01  0.4557E-01  0.4652E-01  0.4747E-01  0.4840E-01  0.4933E-01
  0.5025E-01  0.5117E-01  0.5208E-01  0.5298E-01  0.5388E-01  0.5477E-01
  0.5566E-01  0.5654E-01  0.5742E-01  0.5830E-01  0.5917E-01  0.6004E-01
  0.6091E-01  0.6177E-01  0.6263E-01  0.6349E-01  0.6435E-01  0.6520E-01
 160320  10010  PROTON     0- 60 MeV ;    1MeV-steps
  0.1844E-02  0.3493E-02  0.4980E-02  0.6372E-02  0.7685E-02  0.8934E-02
  0.1013E-01  0.1128E-01  0.1239E-01  0.1348E-01  0.1454E-01  0.1558E-01
  0.1660E-01  0.1762E-01  0.1861E-01  0.1960E-01  0.2059E-01  0.2156E-01
  0.2252E-01  0.2348E-01  0.2443E-01  0.2537E-01  0.2630E-01  0.2722E-01
  0.2814E-01  0.2904E-01  0.2994E-01  0.3082E-01  0.3170E-01  0.3257E-01
  0.3343E-01  0.3429E-01  0.3513E-01  0.3597E-01  0.3680E-01  0.3763E-01
  0.3844E-01  0.3926E-01  0.4007E-01  0.4087E-01  0.4167E-01  0.4247E-01
  0.4326E-01  0.4406E-01  0.4485E-01  0.4563E-01  0.4641E-01  0.4720E-01
  0.4797E-01  0.4875E-01  0.4952E-01  0.5028E-01  0.5104E-01  0.5180E-01
  0.5254E-01  0.5329E-01  0.5402E-01  0.5474E-01  0.5546E-01  0.5616E-01
 170350  10010  PROTON     0- 60 MeV ;    1MeV-steps
  0.2317E-02  0.4058E-02  0.5603E-02  0.7088E-02  0.8519E-02  0.9902E-02
  0.1124E-01  0.1255E-01  0.1382E-01  0.1506E-01  0.1627E-01  0.1746E-01
  0.1862E-01  0.1977E-01  0.2090E-01  0.2202E-01  0.2312E-01  0.2421E-01
  0.2528E-01  0.2635E-01  0.2740E-01  0.2845E-01  0.2948E-01  0.3051E-01
  0.3153E-01  0.3254E-01  0.3354E-01  0.3453E-01  0.3551E-01  0.3649E-01
  0.3746E-01  0.3842E-01  0.3938E-01  0.4033E-01  0.4127E-01  0.4220E-01
  0.4313E-01  0.4405E-01  0.4496E-01  0.4587E-01  0.4678E-01  0.4767E-01
  0.4857E-01  0.4945E-01  0.5034E-01  0.5121E-01  0.5209E-01  0.5296E-01
  0.5382E-01  0.5468E-01  0.5554E-01  0.5640E-01  0.5725E-01  0.5810E-01
  0.5894E-01  0.5978E-01  0.6062E-01  0.6145E-01  0.6228E-01  0.6310E-01
 180400  10010  PROTON     0- 60 MeV ;    1MeV-steps
  0.2765E-02  0.5086E-02  0.7121E-02  0.9044E-02  0.1087E-01  0.1262E-01
  0.1430E-01  0.1592E-01  0.1749E-01  0.1902E-01  0.2052E-01  0.2198E-01
  0.2342E-01  0.2484E-01  0.2625E-01  0.2763E-01  0.2900E-01  0.3036E-01
  0.3170E-01  0.3303E-01  0.3435E-01  0.3566E-01  0.3696E-01  0.3824E-01
  0.3952E-01  0.4078E-01  0.4203E-01  0.4327E-01  0.4450E-01  0.4572E-01
  0.4693E-01  0.4813E-01  0.4932E-01  0.5050E-01  0.5167E-01  0.5283E-01
  0.5399E-01  0.5513E-01  0.5627E-01  0.5740E-01  0.5852E-01  0.5964E-01
  0.6075E-01  0.6186E-01  0.6296E-01  0.6405E-01  0.6514E-01  0.6623E-01
  0.6731E-01  0.6838E-01  0.6944E-01  0.7050E-01  0.7156E-01  0.7260E-01
  0.7364E-01  0.7467E-01  0.7569E-01  0.7671E-01  0.7772E-01  0.7872E-01
 190390  10010  PROTON     0- 60 MeV ;    1MeV-steps
  0.4673E-02  0.8819E-02  0.1240E-01  0.1579E-01  0.1902E-01  0.2212E-01
  0.2509E-01  0.2796E-01  0.3075E-01  0.3347E-01  0.3612E-01  0.3872E-01
  0.4128E-01  0.4380E-01  0.4628E-01  0.4873E-01  0.5116E-01  0.5355E-01
  0.5593E-01  0.5829E-01  0.6062E-01  0.6293E-01  0.6523E-01  0.6750E-01
  0.6975E-01  0.7199E-01  0.7420E-01  0.7639E-01  0.7857E-01  0.8072E-01
  0.8286E-01  0.8498E-01  0.8708E-01  0.8916E-01  0.9123E-01  0.9328E-01
  0.9532E-01  0.9734E-01  0.9935E-01  0.1013E+00  0.1033E+00  0.1053E+00
  0.1073E+00  0.1092E+00  0.1112E+00  0.1131E+00  0.1150E+00  0.1170E+00
  0.1189E+00  0.1208E+00  0.1227E+00  0.1246E+00  0.1264E+00  0.1283E+00
  0.1302E+00  0.1320E+00  0.1338E+00  0.1357E+00  0.1375E+00  0.1393E+00
 200400  10010  PROTON     0- 60 MeV ;    1MeV-steps
  0.2622E-02  0.4877E-02  0.6850E-02  0.8709E-02  0.1047E-01  0.1215E-01
  0.1377E-01  0.1533E-01  0.1684E-01  0.1831E-01  0.1976E-01  0.2117E-01
  0.2256E-01  0.2393E-01  0.2529E-01  0.2663E-01  0.2796E-01  0.2927E-01
  0.3057E-01  0.3186E-01  0.3314E-01  0.3440E-01  0.3566E-01  0.3690E-01
  0.3813E-01  0.3935E-01  0.4056E-01  0.4176E-01  0.4294E-01  0.4411E-01
  0.4527E-01  0.4642E-01  0.4756E-01  0.4870E-01  0.4982E-01  0.5093E-01
  0.5204E-01  0.5313E-01  0.5422E-01  0.5531E-01  0.5639E-01  0.5746E-01
  0.5853E-01  0.5960E-01  0.6066E-01  0.6172E-01  0.6277E-01  0.6381E-01
  0.6486E-01  0.6589E-01  0.6692E-01  0.6794E-01  0.6896E-01  0.6997E-01
  0.7097E-01  0.7196E-01  0.7295E-01  0.7392E-01  0.7489E-01  0.7585E-01
 210450  10010  PROTON     0- 60 MeV ;    1MeV-steps
  0.1527E-02  0.2769E-02  0.3921E-02  0.4996E-02  0.6009E-02  0.6968E-02
  0.7884E-02  0.8765E-02  0.9618E-02  0.1045E-01  0.1126E-01  0.1205E-01
  0.1283E-01  0.1360E-01  0.1436E-01  0.1512E-01  0.1586E-01  0.1660E-01
  0.1734E-01  0.1806E-01  0.1878E-01  0.1950E-01  0.2020E-01  0.2090E-01
  0.2160E-01  0.2229E-01  0.2296E-01  0.2364E-01  0.2430E-01  0.2496E-01
  0.2562E-01  0.2627E-01  0.2691E-01  0.2754E-01  0.2818E-01  0.2880E-01
  0.2943E-01  0.3005E-01  0.3066E-01  0.3128E-01  0.3189E-01  0.3250E-01
  0.3311E-01  0.3371E-01  0.3431E-01  0.3492E-01  0.3551E-01  0.3611E-01
  0.3670E-01  0.3729E-01  0.3787E-01  0.3845E-01  0.3903E-01  0.3959E-01
  0.4016E-01  0.4071E-01  0.4126E-01  0.4179E-01  0.4233E-01  0.4286E-01
 220480  10010  PROTON     0- 60 MeV ;    1MeV-steps
  0.1097E-02  0.1987E-02  0.2736E-02  0.3445E-02  0.4119E-02  0.4763E-02
  0.5381E-02  0.5978E-02  0.6558E-02  0.7121E-02  0.7672E-02  0.8212E-02
  0.8742E-02  0.9264E-02  0.9780E-02  0.1029E-01  0.1079E-01  0.1129E-01
  0.1178E-01  0.1227E-01  0.1276E-01  0.1324E-01  0.1372E-01  0.1419E-01
  0.1466E-01  0.1512E-01  0.1558E-01  0.1604E-01  0.1649E-01  0.1693E-01
  0.1738E-01  0.1781E-01  0.1825E-01  0.1868E-01  0.1910E-01  0.1953E-01
  0.1995E-01  0.2036E-01  0.2078E-01  0.2119E-01  0.2159E-01  0.2200E-01
  0.2240E-01  0.2280E-01  0.2320E-01  0.2360E-01  0.2400E-01  0.2440E-01
  0.2479E-01  0.2519E-01  0.2558E-01  0.2597E-01  0.2636E-01  0.2675E-01
  0.2714E-01  0.2753E-01  0.2791E-01  0.2829E-01  0.2867E-01  0.2904E-01
 230510  10010  PROTON     0- 60 MeV ;    1MeV-steps
  0.8304E-03  0.1492E-02  0.2074E-02  0.2619E-02  0.3134E-02  0.3624E-02
  0.4094E-02  0.4547E-02  0.4986E-02  0.5414E-02  0.5833E-02  0.6244E-02
  0.6648E-02  0.7047E-02  0.7442E-02  0.7832E-02  0.8218E-02  0.8600E-02
  0.8978E-02  0.9352E-02  0.9723E-02  0.1009E-01  0.1045E-01  0.1081E-01
  0.1117E-01  0.1152E-01  0.1186E-01  0.1221E-01  0.1255E-01  0.1288E-01
  0.1321E-01  0.1354E-01  0.1387E-01  0.1419E-01  0.1452E-01  0.1483E-01
  0.1515E-01  0.1547E-01  0.1578E-01  0.1610E-01  0.1641E-01  0.1672E-01
  0.1704E-01  0.1735E-01  0.1766E-01  0.1797E-01  0.1828E-01  0.1859E-01
  0.1890E-01  0.1920E-01  0.1951E-01  0.1981E-01  0.2011E-01  0.2041E-01
  0.2070E-01  0.2099E-01  0.2128E-01  0.2156E-01  0.2183E-01  0.2210E-01
 240520  10010  PROTON     0- 60 MeV ;    1MeV-steps
  0.7208E-03  0.1278E-02  0.1755E-02  0.2207E-02  0.2639E-02  0.3052E-02
  0.3450E-02  0.3835E-02  0.4209E-02  0.4573E-02  0.4928E-02  0.5276E-02
  0.5617E-02  0.5953E-02  0.6283E-02  0.6609E-02  0.6930E-02  0.7248E-02
  0.7561E-02  0.7871E-02  0.8178E-02  0.8482E-02  0.8782E-02  0.9080E-02
  0.9375E-02  0.9667E-02  0.9956E-02  0.1024E-01  0.1053E-01  0.1081E-01
  0.1109E-01  0.1137E-01  0.1165E-01  0.1192E-01  0.1220E-01  0.1247E-01
  0.1274E-01  0.1301E-01  0.1328E-01  0.1355E-01  0.1381E-01  0.1408E-01
  0.1434E-01  0.1461E-01  0.1487E-01  0.1513E-01  0.1539E-01  0.1564E-01
  0.1590E-01  0.1615E-01  0.1640E-01  0.1665E-01  0.1689E-01  0.1713E-01
  0.1737E-01  0.1761E-01  0.1784E-01  0.1807E-01  0.1829E-01  0.1852E-01
 250550  10010  PROTON     0- 60 MeV ;    1MeV-steps
  0.7261E-03  0.1272E-02  0.1745E-02  0.2193E-02  0.2620E-02  0.3029E-02
  0.3423E-02  0.3802E-02  0.4170E-02  0.4527E-02  0.4876E-02  0.5217E-02
  0.5552E-02  0.5881E-02  0.6206E-02  0.6526E-02  0.6842E-02  0.7155E-02
  0.7465E-02  0.7772E-02  0.8076E-02  0.8378E-02  0.8677E-02  0.8974E-02
  0.9269E-02  0.9561E-02  0.9851E-02  0.1014E-01  0.1042E-01  0.1071E-01
  0.1099E-01  0.1126E-01  0.1154E-01  0.1181E-01  0.1208E-01  0.1235E-01
  0.1262E-01  0.1288E-01  0.1314E-01  0.1340E-01  0.1366E-01  0.1391E-01
  0.1416E-01  0.1442E-01  0.1467E-01  0.1491E-01  0.1516E-01  0.1540E-01
  0.1565E-01  0.1589E-01  0.1613E-01  0.1637E-01  0.1661E-01  0.1685E-01
  0.1709E-01  0.1733E-01  0.1756E-01  0.1780E-01  0.1804E-01  0.1828E-01
 260560  10010  PROTON     0- 60 MeV ;    1MeV-steps
  0.6907E-03  0.1202E-02  0.1632E-02  0.2045E-02  0.2443E-02  0.2826E-02
  0.3195E-02  0.3552E-02  0.3897E-02  0.4231E-02  0.4556E-02  0.4872E-02
  0.5181E-02  0.5484E-02  0.5781E-02  0.6074E-02  0.6363E-02  0.6648E-02
  0.6932E-02  0.7213E-02  0.7492E-02  0.7770E-02  0.8047E-02  0.8323E-02
  0.8598E-02  0.8872E-02  0.9145E-02  0.9417E-02  0.9687E-02  0.9955E-02
  0.1022E-01  0.1049E-01  0.1075E-01  0.1101E-01  0.1126E-01  0.1152E-01
  0.1177E-01  0.1201E-01  0.1226E-01  0.1250E-01  0.1273E-01  0.1297E-01
  0.1320E-01  0.1342E-01  0.1365E-01  0.1387E-01  0.1409E-01  0.1431E-01
  0.1453E-01  0.1475E-01  0.1497E-01  0.1519E-01  0.1542E-01  0.1564E-01
  0.1587E-01  0.1610E-01  0.1633E-01  0.1656E-01  0.1680E-01  0.1703E-01
 270590  10010  PROTON     0- 60 MeV ;    1MeV-steps
  0.6240E-03  0.1073E-02  0.1510E-02  0.1910E-02  0.2280E-02  0.2626E-02
  0.2953E-02  0.3266E-02  0.3567E-02  0.3860E-02  0.4147E-02  0.4428E-02
  0.4706E-02  0.4981E-02  0.5254E-02  0.5525E-02  0.5794E-02  0.6062E-02
  0.6327E-02  0.6590E-02  0.6851E-02  0.7109E-02  0.7364E-02  0.7617E-02
  0.7866E-02  0.8112E-02  0.8355E-02  0.8595E-02  0.8832E-02  0.9066E-02
  0.9296E-02  0.9525E-02  0.9751E-02  0.9975E-02  0.1020E-01  0.1042E-01
  0.1064E-01  0.1086E-01  0.1108E-01  0.1129E-01  0.1151E-01  0.1173E-01
  0.1195E-01  0.1217E-01  0.1239E-01  0.1261E-01  0.1282E-01  0.1304E-01
  0.1326E-01  0.1347E-01  0.1368E-01  0.1390E-01  0.1410E-01  0.1431E-01
  0.1451E-01  0.1470E-01  0.1490E-01  0.1508E-01  0.1526E-01  0.1545E-01
 280580  10010  PROTON     0- 60 MeV ;    1MeV-steps
  0.6557E-03  0.1093E-02  0.1482E-02  0.1851E-02  0.2203E-02  0.2538E-02
  0.2860E-02  0.3170E-02  0.3470E-02  0.3761E-02  0.4045E-02  0.4322E-02
  0.4593E-02  0.4860E-02  0.5123E-02  0.5382E-02  0.5639E-02  0.5893E-02
  0.6145E-02  0.6395E-02  0.6644E-02  0.6890E-02  0.7135E-02  0.7378E-02
  0.7620E-02  0.7859E-02  0.8097E-02  0.8333E-02  0.8567E-02  0.8799E-02
  0.9028E-02  0.9255E-02  0.9480E-02  0.9702E-02  0.9922E-02  0.1014E-01
  0.1035E-01  0.1057E-01  0.1078E-01  0.1099E-01  0.1119E-01  0.1140E-01
  0.1160E-01  0.1180E-01  0.1200E-01  0.1220E-01  0.1240E-01  0.1260E-01
  0.1280E-01  0.1300E-01  0.1320E-01  0.1339E-01  0.1360E-01  0.1380E-01
  0.1400E-01  0.1420E-01  0.1440E-01  0.1461E-01  0.1481E-01  0.1501E-01
 290630  10010  PROTON     0- 60 MeV ;    1MeV-steps
  0.6936E-03  0.1159E-02  0.1567E-02  0.1951E-02  0.2315E-02  0.2663E-02
  0.2997E-02  0.3320E-02  0.3633E-02  0.3938E-02  0.4236E-02  0.4529E-02
  0.4816E-02  0.5099E-02  0.5378E-02  0.5654E-02  0.5926E-02  0.6196E-02
  0.6461E-02  0.6724E-02  0.6984E-02  0.7241E-02  0.7495E-02  0.7745E-02
  0.7993E-02  0.8238E-02  0.8479E-02  0.8718E-02  0.8955E-02  0.9188E-02
  0.9419E-02  0.9649E-02  0.9876E-02  0.1010E-01  0.1032E-01  0.1055E-01
  0.1077E-01  0.1099E-01  0.1121E-01  0.1143E-01  0.1165E-01  0.1187E-01
  0.1209E-01  0.1230E-01  0.1252E-01  0.1274E-01  0.1296E-01  0.1318E-01
  0.1340E-01  0.1362E-01  0.1383E-01  0.1405E-01  0.1426E-01  0.1448E-01
  0.1469E-01  0.1490E-01  0.1510E-01  0.1531E-01  0.1551E-01  0.1570E-01
 300640  10010  PROTON     0- 60 MeV ;    1MeV-steps
  0.8793E-03  0.1471E-02  0.1983E-02  0.2467E-02  0.2928E-02  0.3368E-02
  0.3790E-02  0.4197E-02  0.4591E-02  0.4973E-02  0.5345E-02  0.5710E-02
  0.6067E-02  0.6418E-02  0.6764E-02  0.7105E-02  0.7443E-02  0.7777E-02
  0.8108E-02  0.8436E-02  0.8761E-02  0.9084E-02  0.9404E-02  0.9722E-02
  0.1004E-01  0.1035E-01  0.1066E-01  0.1097E-01  0.1127E-01  0.1158E-01
  0.1188E-01  0.1218E-01  0.1247E-01  0.1276E-01  0.1305E-01  0.1334E-01
  0.1362E-01  0.1390E-01  0.1418E-01  0.1446E-01  0.1473E-01  0.1500E-01
  0.1527E-01  0.1554E-01  0.1580E-01  0.1607E-01  0.1633E-01  0.1659E-01
  0.1685E-01  0.1711E-01  0.1737E-01  0.1763E-01  0.1788E-01  0.1814E-01
  0.1839E-01  0.1865E-01  0.1890E-01  0.1915E-01  0.1941E-01  0.1966E-01
 310690  10010  PROTON     0- 60 MeV ;    1MeV-steps
  0.1106E-02  0.1832E-02  0.2458E-02  0.3051E-02  0.3617E-02  0.4160E-02
  0.4682E-02  0.5187E-02  0.5677E-02  0.6154E-02  0.6621E-02  0.7077E-02
  0.7526E-02  0.7966E-02  0.8400E-02  0.8828E-02  0.9250E-02  0.9667E-02
  0.1008E-01  0.1049E-01  0.1089E-01  0.1129E-01  0.1168E-01  0.1207E-01
  0.1245E-01  0.1284E-01  0.1321E-01  0.1359E-01  0.1396E-01  0.1433E-01
  0.1469E-01  0.1506E-01  0.1542E-01  0.1578E-01  0.1613E-01  0.1649E-01
  0.1684E-01  0.1719E-01  0.1754E-01  0.1789E-01  0.1824E-01  0.1859E-01
  0.1893E-01  0.1927E-01  0.1962E-01  0.1995E-01  0.2029E-01  0.2062E-01
  0.2096E-01  0.2128E-01  0.2161E-01  0.2193E-01  0.2225E-01  0.2256E-01
  0.2287E-01  0.2317E-01  0.2347E-01  0.2376E-01  0.2406E-01  0.2434E-01
 320740  10010  PROTON     0- 60 MeV ;    1MeV-steps
  0.1197E-02  0.1999E-02  0.2738E-02  0.3428E-02  0.4077E-02  0.4691E-02
  0.5278E-02  0.5841E-02  0.6385E-02  0.6914E-02  0.7430E-02  0.7935E-02
  0.8432E-02  0.8921E-02  0.9404E-02  0.9881E-02  0.1035E-01  0.1082E-01
  0.1128E-01  0.1174E-01  0.1219E-01  0.1264E-01  0.1309E-01  0.1353E-01
  0.1396E-01  0.1439E-01  0.1482E-01  0.1524E-01  0.1566E-01  0.1607E-01
  0.1648E-01  0.1689E-01  0.1729E-01  0.1769E-01  0.1808E-01  0.1848E-01
  0.1887E-01  0.1926E-01  0.1965E-01  0.2003E-01  0.2042E-01  0.2080E-01
  0.2119E-01  0.2157E-01  0.2195E-01  0.2233E-01  0.2270E-01  0.2308E-01
  0.2345E-01  0.2382E-01  0.2418E-01  0.2455E-01  0.2490E-01  0.2526E-01
  0.2561E-01  0.2595E-01  0.2629E-01  0.2662E-01  0.2695E-01  0.2727E-01
 330750  10010  PROTON     0- 60 MeV ;    1MeV-steps
  0.1159E-02  0.1959E-02  0.2613E-02  0.3237E-02  0.3833E-02  0.4406E-02
  0.4957E-02  0.5490E-02  0.6007E-02  0.6509E-02  0.6999E-02  0.7478E-02
  0.7947E-02  0.8408E-02  0.8861E-02  0.9308E-02  0.9748E-02  0.1018E-01
  0.1061E-01  0.1104E-01  0.1146E-01  0.1188E-01  0.1229E-01  0.1270E-01
  0.1311E-01  0.1351E-01  0.1391E-01  0.1431E-01  0.1470E-01  0.1509E-01
  0.1548E-01  0.1586E-01  0.1624E-01  0.1662E-01  0.1699E-01  0.1737E-01
  0.1773E-01  0.1810E-01  0.1846E-01  0.1882E-01  0.1917E-01  0.1953E-01
  0.1988E-01  0.2023E-01  0.2057E-01  0.2092E-01  0.2126E-01  0.2160E-01
  0.2194E-01  0.2228E-01  0.2262E-01  0.2295E-01  0.2329E-01  0.2362E-01
  0.2396E-01  0.2429E-01  0.2462E-01  0.2495E-01  0.2528E-01  0.2561E-01
 340800  10010  PROTON     0- 60 MeV ;    1MeV-steps
  0.1390E-02  0.2355E-02  0.3221E-02  0.4020E-02  0.4764E-02  0.5463E-02
  0.6127E-02  0.6763E-02  0.7377E-02  0.7974E-02  0.8557E-02  0.9130E-02
  0.9694E-02  0.1025E-01  0.1080E-01  0.1135E-01  0.1190E-01  0.1243E-01
  0.1297E-01  0.1350E-01  0.1402E-01  0.1454E-01  0.1506E-01  0.1556E-01
  0.1607E-01  0.1656E-01  0.1705E-01  0.1753E-01  0.1801E-01  0.1848E-01
  0.1895E-01  0.1941E-01  0.1986E-01  0.2031E-01  0.2076E-01  0.2121E-01
  0.2165E-01  0.2209E-01  0.2252E-01  0.2296E-01  0.2340E-01  0.2383E-01
  0.2427E-01  0.2470E-01  0.2514E-01  0.2557E-01  0.2600E-01  0.2644E-01
  0.2687E-01  0.2730E-01  0.2773E-01  0.2815E-01  0.2857E-01  0.2899E-01
  0.2940E-01  0.2980E-01  0.3020E-01  0.3058E-01  0.3096E-01  0.3134E-01
 350790  10010  PROTON     0- 60 MeV ;    1MeV-steps
  0.2273E-02  0.3644E-02  0.4841E-02  0.5979E-02  0.7065E-02  0.8107E-02
  0.9111E-02  0.1008E-01  0.1102E-01  0.1194E-01  0.1283E-01  0.1370E-01
  0.1456E-01  0.1541E-01  0.1624E-01  0.1706E-01  0.1786E-01  0.1866E-01
  0.1945E-01  0.2024E-01  0.2101E-01  0.2178E-01  0.2254E-01  0.2329E-01
  0.2404E-01  0.2478E-01  0.2551E-01  0.2624E-01  0.2696E-01  0.2767E-01
  0.2838E-01  0.2909E-01  0.2978E-01  0.3047E-01  0.3116E-01  0.3184E-01
  0.3251E-01  0.3318E-01  0.3384E-01  0.3450E-01  0.3516E-01  0.3581E-01
  0.3646E-01  0.3710E-01  0.3774E-01  0.3838E-01  0.3901E-01  0.3964E-01
  0.4027E-01  0.4090E-01  0.4153E-01  0.4215E-01  0.4277E-01  0.4339E-01
  0.4400E-01  0.4461E-01  0.4522E-01  0.4583E-01  0.4643E-01  0.4703E-01
 360840  10010  PROTON     0- 60 MeV ;    1MeV-steps
  0.2645E-02  0.4387E-02  0.5873E-02  0.7287E-02  0.8637E-02  0.9931E-02
  0.1118E-01  0.1238E-01  0.1354E-01  0.1468E-01  0.1578E-01  0.1686E-01
  0.1792E-01  0.1895E-01  0.1997E-01  0.2098E-01  0.2197E-01  0.2295E-01
  0.2392E-01  0.2487E-01  0.2582E-01  0.2676E-01  0.2769E-01  0.2861E-01
  0.2952E-01  0.3043E-01  0.3133E-01  0.3222E-01  0.3310E-01  0.3398E-01
  0.3485E-01  0.3571E-01  0.3657E-01  0.3742E-01  0.3826E-01  0.3910E-01
  0.3993E-01  0.4076E-01  0.4158E-01  0.4239E-01  0.4320E-01  0.4400E-01
  0.4480E-01  0.4560E-01  0.4638E-01  0.4717E-01  0.4794E-01  0.4872E-01
  0.4949E-01  0.5025E-01  0.5101E-01  0.5177E-01  0.5252E-01  0.5327E-01
  0.5401E-01  0.5475E-01  0.5549E-01  0.5622E-01  0.5694E-01  0.5766E-01
 370850  10010  PROTON     0- 60 MeV ;    1MeV-steps
  0.4232E-02  0.7421E-02  0.1007E-01  0.1254E-01  0.1487E-01  0.1708E-01
  0.1919E-01  0.2122E-01  0.2317E-01  0.2506E-01  0.2691E-01  0.2872E-01
  0.3049E-01  0.3223E-01  0.3395E-01  0.3565E-01  0.3733E-01  0.3900E-01
  0.4065E-01  0.4229E-01  0.4391E-01  0.4552E-01  0.4711E-01  0.4869E-01
  0.5026E-01  0.5181E-01  0.5335E-01  0.5488E-01  0.5639E-01  0.5788E-01
  0.5936E-01  0.6083E-01  0.6228E-01  0.6372E-01  0.6515E-01  0.6656E-01
  0.6796E-01  0.6936E-01  0.7074E-01  0.7211E-01  0.7347E-01  0.7483E-01
  0.7617E-01  0.7751E-01  0.7885E-01  0.8017E-01  0.8150E-01  0.8281E-01
  0.8412E-01  0.8542E-01  0.8672E-01  0.8801E-01  0.8929E-01  0.9056E-01
  0.9183E-01  0.9308E-01  0.9433E-01  0.9556E-01  0.9679E-01  0.9800E-01
 380880  10010  PROTON     0- 60 MeV ;    1MeV-steps
  0.2625E-02  0.4488E-02  0.6069E-02  0.7553E-02  0.8954E-02  0.1029E-01
  0.1156E-01  0.1278E-01  0.1396E-01  0.1511E-01  0.1623E-01  0.1733E-01
  0.1840E-01  0.1945E-01  0.2049E-01  0.2152E-01  0.2254E-01  0.2354E-01
  0.2453E-01  0.2552E-01  0.2649E-01  0.2745E-01  0.2841E-01  0.2936E-01
  0.3029E-01  0.3122E-01  0.3214E-01  0.3305E-01  0.3396E-01  0.3485E-01
  0.3574E-01  0.3662E-01  0.3749E-01  0.3835E-01  0.3921E-01  0.4006E-01
  0.4090E-01  0.4174E-01  0.4258E-01  0.4341E-01  0.4423E-01  0.4505E-01
  0.4587E-01  0.4668E-01  0.4749E-01  0.4830E-01  0.4910E-01  0.4990E-01
  0.5069E-01  0.5148E-01  0.5226E-01  0.5304E-01  0.5381E-01  0.5458E-01
  0.5534E-01  0.5609E-01  0.5684E-01  0.5758E-01  0.5831E-01  0.5903E-01
 390890  10010  PROTON     0- 60 MeV ;    1MeV-steps
  0.1550E-02  0.2607E-02  0.3507E-02  0.4349E-02  0.5143E-02  0.5896E-02
  0.6615E-02  0.7305E-02  0.7970E-02  0.8616E-02  0.9245E-02  0.9861E-02
  0.1046E-01  0.1106E-01  0.1164E-01  0.1222E-01  0.1279E-01  0.1336E-01
  0.1392E-01  0.1447E-01  0.1502E-01  0.1556E-01  0.1610E-01  0.1664E-01
  0.1717E-01  0.1769E-01  0.1821E-01  0.1873E-01  0.1924E-01  0.1975E-01
  0.2025E-01  0.2075E-01  0.2125E-01  0.2174E-01  0.2222E-01  0.2271E-01
  0.2319E-01  0.2367E-01  0.2414E-01  0.2461E-01  0.2508E-01  0.2555E-01
  0.2601E-01  0.2647E-01  0.2693E-01  0.2739E-01  0.2784E-01  0.2829E-01
  0.2874E-01  0.2918E-01  0.2962E-01  0.3005E-01  0.3049E-01  0.3091E-01
  0.3134E-01  0.3175E-01  0.3217E-01  0.3258E-01  0.3298E-01  0.3339E-01
 400900  10010  PROTON     0- 60 MeV ;    1MeV-steps
  0.1118E-02  0.1850E-02  0.2453E-02  0.3029E-02  0.3579E-02  0.4107E-02
  0.4614E-02  0.5103E-02  0.5576E-02  0.6034E-02  0.6480E-02  0.6914E-02
  0.7338E-02  0.7754E-02  0.8162E-02  0.8564E-02  0.8959E-02  0.9350E-02
  0.9737E-02  0.1012E-01  0.1050E-01  0.1087E-01  0.1125E-01  0.1162E-01
  0.1199E-01  0.1235E-01  0.1272E-01  0.1308E-01  0.1343E-01  0.1379E-01
  0.1414E-01  0.1449E-01  0.1484E-01  0.1518E-01  0.1552E-01  0.1586E-01
  0.1619E-01  0.1652E-01  0.1685E-01  0.1717E-01  0.1749E-01  0.1781E-01
  0.1812E-01  0.1844E-01  0.1875E-01  0.1906E-01  0.1936E-01  0.1967E-01
  0.1998E-01  0.2028E-01  0.2059E-01  0.2089E-01  0.2120E-01  0.2150E-01
  0.2181E-01  0.2212E-01  0.2243E-01  0.2274E-01  0.2305E-01  0.2335E-01
 410930  10010  PROTON     0- 60 MeV ;    1MeV-steps
  0.8054E-03  0.1384E-02  0.1858E-02  0.2303E-02  0.2722E-02  0.3121E-02
  0.3501E-02  0.3867E-02  0.4221E-02  0.4564E-02  0.4898E-02  0.5224E-02
  0.5545E-02  0.5860E-02  0.6170E-02  0.6475E-02  0.6777E-02  0.7075E-02
  0.7370E-02  0.7662E-02  0.7951E-02  0.8236E-02  0.8519E-02  0.8799E-02
  0.9076E-02  0.9350E-02  0.9622E-02  0.9891E-02  0.1016E-01  0.1042E-01
  0.1068E-01  0.1094E-01  0.1120E-01  0.1146E-01  0.1171E-01  0.1197E-01
  0.1222E-01  0.1247E-01  0.1272E-01  0.1297E-01  0.1321E-01  0.1346E-01
  0.1370E-01  0.1395E-01  0.1419E-01  0.1443E-01  0.1467E-01  0.1491E-01
  0.1514E-01  0.1538E-01  0.1561E-01  0.1584E-01  0.1607E-01  0.1629E-01
  0.1651E-01  0.1673E-01  0.1695E-01  0.1716E-01  0.1737E-01  0.1758E-01
 420980  10010  PROTON     0- 60 MeV ;    1MeV-steps
  0.7009E-03  0.1183E-02  0.1590E-02  0.1968E-02  0.2323E-02  0.2658E-02
  0.2978E-02  0.3286E-02  0.3583E-02  0.3871E-02  0.4153E-02  0.4430E-02
  0.4702E-02  0.4970E-02  0.5234E-02  0.5496E-02  0.5754E-02  0.6009E-02
  0.6262E-02  0.6511E-02  0.6758E-02  0.7001E-02  0.7242E-02  0.7479E-02
  0.7714E-02  0.7945E-02  0.8173E-02  0.8399E-02  0.8622E-02  0.8842E-02
  0.9060E-02  0.9276E-02  0.9490E-02  0.9703E-02  0.9914E-02  0.1012E-01
  0.1033E-01  0.1054E-01  0.1075E-01  0.1096E-01  0.1117E-01  0.1137E-01
  0.1158E-01  0.1179E-01  0.1200E-01  0.1221E-01  0.1241E-01  0.1262E-01
  0.1283E-01  0.1303E-01  0.1323E-01  0.1343E-01  0.1363E-01  0.1382E-01
  0.1401E-01  0.1420E-01  0.1438E-01  0.1456E-01  0.1474E-01  0.1491E-01
 430970  10010  PROTON     0- 60 MeV ;    1MeV-steps
  0.6098E-03  0.1028E-02  0.1389E-02  0.1727E-02  0.2045E-02  0.2346E-02
  0.2632E-02  0.2906E-02  0.3168E-02  0.3422E-02  0.3668E-02  0.3908E-02
  0.4142E-02  0.4373E-02  0.4600E-02  0.4825E-02  0.5047E-02  0.5267E-02
  0.5486E-02  0.5704E-02  0.5920E-02  0.6136E-02  0.6350E-02  0.6563E-02
  0.6774E-02  0.6985E-02  0.7193E-02  0.7400E-02  0.7605E-02  0.7809E-02
  0.8009E-02  0.8208E-02  0.8404E-02  0.8598E-02  0.8790E-02  0.8978E-02
  0.9164E-02  0.9348E-02  0.9529E-02  0.9708E-02  0.9885E-02  0.1006E-01
  0.1023E-01  0.1040E-01  0.1057E-01  0.1074E-01  0.1091E-01  0.1108E-01
  0.1125E-01  0.1141E-01  0.1158E-01  0.1175E-01  0.1192E-01  0.1209E-01
  0.1226E-01  0.1244E-01  0.1261E-01  0.1279E-01  0.1296E-01  0.1314E-01
 441020  10010  PROTON     0- 60 MeV ;    1MeV-steps
  0.5813E-03  0.9752E-03  0.1339E-02  0.1670E-02  0.1974E-02  0.2256E-02
  0.2522E-02  0.2775E-02  0.3019E-02  0.3254E-02  0.3485E-02  0.3711E-02
  0.3934E-02  0.4155E-02  0.4374E-02  0.4591E-02  0.4807E-02  0.5021E-02
  0.5234E-02  0.5444E-02  0.5653E-02  0.5859E-02  0.6063E-02  0.6264E-02
  0.6463E-02  0.6658E-02  0.6852E-02  0.7042E-02  0.7230E-02  0.7415E-02
  0.7598E-02  0.7779E-02  0.7959E-02  0.8136E-02  0.8313E-02  0.8489E-02
  0.8664E-02  0.8839E-02  0.9013E-02  0.9187E-02  0.9362E-02  0.9536E-02
  0.9711E-02  0.9885E-02  0.1006E-01  0.1023E-01  0.1041E-01  0.1058E-01
  0.1075E-01  0.1092E-01  0.1109E-01  0.1125E-01  0.1141E-01  0.1157E-01
  0.1172E-01  0.1187E-01  0.1201E-01  0.1215E-01  0.1230E-01  0.1243E-01
 451030  10010  PROTON     0- 60 MeV ;    1MeV-steps
  0.6072E-03  0.1017E-02  0.1362E-02  0.1684E-02  0.1985E-02  0.2270E-02
  0.2540E-02  0.2799E-02  0.3049E-02  0.3291E-02  0.3526E-02  0.3756E-02
  0.3982E-02  0.4204E-02  0.4423E-02  0.4640E-02  0.4854E-02  0.5066E-02
  0.5276E-02  0.5484E-02  0.5690E-02  0.5894E-02  0.6097E-02  0.6297E-02
  0.6495E-02  0.6691E-02  0.6885E-02  0.7076E-02  0.7266E-02  0.7453E-02
  0.7638E-02  0.7822E-02  0.8003E-02  0.8183E-02  0.8361E-02  0.8537E-02
  0.8713E-02  0.8887E-02  0.9060E-02  0.9233E-02  0.9405E-02  0.9577E-02
  0.9749E-02  0.9921E-02  0.1009E-01  0.1026E-01  0.1044E-01  0.1061E-01
  0.1078E-01  0.1096E-01  0.1113E-01  0.1130E-01  0.1147E-01  0.1165E-01
  0.1182E-01  0.1199E-01  0.1215E-01  0.1231E-01  0.1247E-01  0.1263E-01
 461060  10010  PROTON     0- 60 MeV ;    1MeV-steps
  0.6433E-03  0.1095E-02  0.1448E-02  0.1780E-02  0.2094E-02  0.2393E-02
  0.2680E-02  0.2955E-02  0.3222E-02  0.3480E-02  0.3731E-02  0.3976E-02
  0.4217E-02  0.4452E-02  0.4684E-02  0.4912E-02  0.5137E-02  0.5359E-02
  0.5577E-02  0.5794E-02  0.6008E-02  0.6219E-02  0.6428E-02  0.6635E-02
  0.6841E-02  0.7044E-02  0.7246E-02  0.7445E-02  0.7644E-02  0.7841E-02
  0.8036E-02  0.8231E-02  0.8424E-02  0.8617E-02  0.8808E-02  0.8998E-02
  0.9188E-02  0.9377E-02  0.9565E-02  0.9752E-02  0.9939E-02  0.1012E-01
  0.1031E-01  0.1049E-01  0.1067E-01  0.1085E-01  0.1103E-01  0.1121E-01
  0.1138E-01  0.1155E-01  0.1172E-01  0.1189E-01  0.1205E-01  0.1222E-01
  0.1237E-01  0.1253E-01  0.1268E-01  0.1284E-01  0.1299E-01  0.1314E-01
 471070  10010  PROTON     0- 60 MeV ;    1MeV-steps
  0.7258E-03  0.1210E-02  0.1636E-02  0.2026E-02  0.2387E-02  0.2726E-02
  0.3046E-02  0.3351E-02  0.3646E-02  0.3932E-02  0.4212E-02  0.4487E-02
  0.4757E-02  0.5025E-02  0.5289E-02  0.5552E-02  0.5811E-02  0.6068E-02
  0.6323E-02  0.6574E-02  0.6823E-02  0.7069E-02  0.7311E-02  0.7550E-02
  0.7786E-02  0.8018E-02  0.8247E-02  0.8473E-02  0.8695E-02  0.8915E-02
  0.9133E-02  0.9348E-02  0.9561E-02  0.9772E-02  0.9983E-02  0.1019E-01
  0.1040E-01  0.1061E-01  0.1082E-01  0.1103E-01  0.1124E-01  0.1145E-01
  0.1166E-01  0.1187E-01  0.1208E-01  0.1229E-01  0.1250E-01  0.1271E-01
  0.1291E-01  0.1312E-01  0.1332E-01  0.1352E-01  0.1372E-01  0.1391E-01
  0.1409E-01  0.1427E-01  0.1445E-01  0.1462E-01  0.1478E-01  0.1494E-01
 481140  10010  PROTON     0- 60 MeV ;    1MeV-steps
  0.9020E-03  0.1494E-02  0.1971E-02  0.2420E-02  0.2847E-02  0.3255E-02
  0.3646E-02  0.4022E-02  0.4387E-02  0.4741E-02  0.5086E-02  0.5423E-02
  0.5754E-02  0.6078E-02  0.6397E-02  0.6712E-02  0.7021E-02  0.7327E-02
  0.7629E-02  0.7927E-02  0.8221E-02  0.8513E-02  0.8801E-02  0.9087E-02
  0.9370E-02  0.9650E-02  0.9928E-02  0.1020E-01  0.1048E-01  0.1075E-01
  0.1102E-01  0.1129E-01  0.1155E-01  0.1182E-01  0.1208E-01  0.1235E-01
  0.1261E-01  0.1287E-01  0.1313E-01  0.1339E-01  0.1365E-01  0.1390E-01
  0.1416E-01  0.1441E-01  0.1467E-01  0.1492E-01  0.1516E-01  0.1541E-01
  0.1565E-01  0.1589E-01  0.1613E-01  0.1636E-01  0.1659E-01  0.1681E-01
  0.1703E-01  0.1725E-01  0.1746E-01  0.1767E-01  0.1788E-01  0.1809E-01
 491150  10010  PROTON     0- 60 MeV ;    1MeV-steps
  0.1082E-02  0.1800E-02  0.2398E-02  0.2958E-02  0.3485E-02  0.3985E-02
  0.4461E-02  0.4917E-02  0.5357E-02  0.5783E-02  0.6197E-02  0.6602E-02
  0.6999E-02  0.7388E-02  0.7771E-02  0.8150E-02  0.8523E-02  0.8893E-02
  0.9258E-02  0.9620E-02  0.9979E-02  0.1033E-01  0.1069E-01  0.1103E-01
  0.1138E-01  0.1172E-01  0.1206E-01  0.1239E-01  0.1272E-01  0.1305E-01
  0.1338E-01  0.1370E-01  0.1401E-01  0.1433E-01  0.1464E-01  0.1495E-01
  0.1526E-01  0.1557E-01  0.1587E-01  0.1617E-01  0.1647E-01  0.1677E-01
  0.1707E-01  0.1737E-01  0.1766E-01  0.1796E-01  0.1825E-01  0.1855E-01
  0.1884E-01  0.1913E-01  0.1942E-01  0.1972E-01  0.2001E-01  0.2030E-01
  0.2058E-01  0.2087E-01  0.2115E-01  0.2143E-01  0.2171E-01  0.2198E-01
 501200  10010  PROTON     0- 60 MeV ;    1MeV-steps
  0.1393E-02  0.2330E-02  0.3084E-02  0.3792E-02  0.4462E-02  0.5099E-02
  0.5707E-02  0.6291E-02  0.6855E-02  0.7402E-02  0.7934E-02  0.8453E-02
  0.8961E-02  0.9460E-02  0.9951E-02  0.1043E-01  0.1091E-01  0.1138E-01
  0.1185E-01  0.1231E-01  0.1277E-01  0.1322E-01  0.1367E-01  0.1411E-01
  0.1455E-01  0.1499E-01  0.1542E-01  0.1585E-01  0.1627E-01  0.1670E-01
  0.1711E-01  0.1753E-01  0.1794E-01  0.1835E-01  0.1876E-01  0.1917E-01
  0.1957E-01  0.1997E-01  0.2037E-01  0.2076E-01  0.2115E-01  0.2154E-01
  0.2193E-01  0.2232E-01  0.2270E-01  0.2308E-01  0.2346E-01  0.2383E-01
  0.2420E-01  0.2457E-01  0.2494E-01  0.2530E-01  0.2565E-01  0.2600E-01
  0.2635E-01  0.2669E-01  0.2703E-01  0.2736E-01  0.2769E-01  0.2802E-01
 511210  10010  PROTON     0- 60 MeV ;    1MeV-steps
  0.1145E-02  0.1952E-02  0.2649E-02  0.3288E-02  0.3880E-02  0.4434E-02
  0.4957E-02  0.5455E-02  0.5934E-02  0.6398E-02  0.6851E-02  0.7294E-02
  0.7731E-02  0.8162E-02  0.8588E-02  0.9011E-02  0.9430E-02  0.9845E-02
  0.1026E-01  0.1067E-01  0.1107E-01  0.1147E-01  0.1187E-01  0.1226E-01
  0.1265E-01  0.1303E-01  0.1341E-01  0.1378E-01  0.1414E-01  0.1451E-01
  0.1486E-01  0.1522E-01  0.1557E-01  0.1591E-01  0.1625E-01  0.1659E-01
  0.1693E-01  0.1727E-01  0.1760E-01  0.1794E-01  0.1827E-01  0.1860E-01
  0.1893E-01  0.1927E-01  0.1960E-01  0.1993E-01  0.2026E-01  0.2060E-01
  0.2093E-01  0.2126E-01  0.2159E-01  0.2192E-01  0.2224E-01  0.2256E-01
  0.2287E-01  0.2319E-01  0.2349E-01  0.2379E-01  0.2408E-01  0.2437E-01
 521300  10010  PROTON     0- 60 MeV ;    1MeV-steps
  0.1324E-02  0.2234E-02  0.2958E-02  0.3639E-02  0.4283E-02  0.4895E-02
  0.5481E-02  0.6043E-02  0.6586E-02  0.7112E-02  0.7624E-02  0.8123E-02
  0.8613E-02  0.9093E-02  0.9565E-02  0.1003E-01  0.1049E-01  0.1094E-01
  0.1139E-01  0.1184E-01  0.1228E-01  0.1271E-01  0.1314E-01  0.1357E-01
  0.1399E-01  0.1441E-01  0.1482E-01  0.1523E-01  0.1564E-01  0.1604E-01
  0.1644E-01  0.1684E-01  0.1723E-01  0.1762E-01  0.1801E-01  0.1839E-01
  0.1877E-01  0.1915E-01  0.1952E-01  0.1990E-01  0.2027E-01  0.2064E-01
  0.2100E-01  0.2137E-01  0.2173E-01  0.2209E-01  0.2245E-01  0.2281E-01
  0.2316E-01  0.2352E-01  0.2387E-01  0.2422E-01  0.2457E-01  0.2491E-01
  0.2526E-01  0.2560E-01  0.2594E-01  0.2627E-01  0.2661E-01  0.2694E-01
 531270  10010  PROTON     0- 60 MeV ;    1MeV-steps
  0.1744E-02  0.2813E-02  0.3691E-02  0.4524E-02  0.5316E-02  0.6072E-02
  0.6798E-02  0.7496E-02  0.8171E-02  0.8826E-02  0.9463E-02  0.1008E-01
  0.1069E-01  0.1129E-01  0.1187E-01  0.1245E-01  0.1301E-01  0.1357E-01
  0.1412E-01  0.1467E-01  0.1521E-01  0.1574E-01  0.1627E-01  0.1679E-01
  0.1731E-01  0.1783E-01  0.1834E-01  0.1884E-01  0.1935E-01  0.1984E-01
  0.2034E-01  0.2083E-01  0.2132E-01  0.2180E-01  0.2229E-01  0.2276E-01
  0.2324E-01  0.2371E-01  0.2418E-01  0.2465E-01  0.2511E-01  0.2557E-01
  0.2603E-01  0.2648E-01  0.2693E-01  0.2738E-01  0.2782E-01  0.2827E-01
  0.2871E-01  0.2914E-01  0.2957E-01  0.3000E-01  0.3042E-01  0.3084E-01
  0.3126E-01  0.3168E-01  0.3208E-01  0.3250E-01  0.3290E-01  0.3330E-01
 541320  10010  PROTON     0- 60 MeV ;    1MeV-steps
  0.2588E-02  0.4427E-02  0.5910E-02  0.7297E-02  0.8601E-02  0.9835E-02
  0.1101E-01  0.1214E-01  0.1322E-01  0.1427E-01  0.1530E-01  0.1630E-01
  0.1727E-01  0.1823E-01  0.1918E-01  0.2011E-01  0.2103E-01  0.2194E-01
  0.2284E-01  0.2373E-01  0.2462E-01  0.2549E-01  0.2635E-01  0.2721E-01
  0.2806E-01  0.2890E-01  0.2973E-01  0.3055E-01  0.3137E-01  0.3218E-01
  0.3298E-01  0.3377E-01  0.3455E-01  0.3533E-01  0.3611E-01  0.3687E-01
  0.3764E-01  0.3839E-01  0.3914E-01  0.3989E-01  0.4064E-01  0.4138E-01
  0.4211E-01  0.4285E-01  0.4358E-01  0.4431E-01  0.4503E-01  0.4575E-01
  0.4646E-01  0.4718E-01  0.4788E-01  0.4859E-01  0.4928E-01  0.4997E-01
  0.5065E-01  0.5133E-01  0.5200E-01  0.5266E-01  0.5332E-01  0.5397E-01
 551330  10010  PROTON     0- 60 MeV ;    1MeV-steps
  0.4269E-02  0.7273E-02  0.9675E-02  0.1193E-01  0.1407E-01  0.1609E-01
  0.1803E-01  0.1988E-01  0.2167E-01  0.2340E-01  0.2509E-01  0.2673E-01
  0.2833E-01  0.2991E-01  0.3146E-01  0.3298E-01  0.3449E-01  0.3597E-01
  0.3744E-01  0.3890E-01  0.4034E-01  0.4177E-01  0.4318E-01  0.4458E-01
  0.4597E-01  0.4735E-01  0.4872E-01  0.5007E-01  0.5141E-01  0.5274E-01
  0.5406E-01  0.5536E-01  0.5665E-01  0.5794E-01  0.5921E-01  0.6047E-01
  0.6172E-01  0.6296E-01  0.6419E-01  0.6541E-01  0.6662E-01  0.6783E-01
  0.6903E-01  0.7022E-01  0.7140E-01  0.7258E-01  0.7375E-01  0.7492E-01
  0.7609E-01  0.7724E-01  0.7839E-01  0.7954E-01  0.8068E-01  0.8182E-01
  0.8295E-01  0.8407E-01  0.8519E-01  0.8631E-01  0.8741E-01  0.8850E-01
 561380  10010  PROTON     0- 60 MeV ;    1MeV-steps
  0.2312E-02  0.3993E-02  0.5278E-02  0.6494E-02  0.7647E-02  0.8747E-02
  0.9801E-02  0.1081E-01  0.1179E-01  0.1274E-01  0.1366E-01  0.1455E-01
  0.1543E-01  0.1628E-01  0.1713E-01  0.1796E-01  0.1877E-01  0.1958E-01
  0.2038E-01  0.2117E-01  0.2195E-01  0.2272E-01  0.2349E-01  0.2425E-01
  0.2500E-01  0.2575E-01  0.2649E-01  0.2722E-01  0.2795E-01  0.2867E-01
  0.2939E-01  0.3010E-01  0.3080E-01  0.3150E-01  0.3220E-01  0.3289E-01
  0.3357E-01  0.3424E-01  0.3492E-01  0.3558E-01  0.3625E-01  0.3690E-01
  0.3755E-01  0.3820E-01  0.3885E-01  0.3949E-01  0.4012E-01  0.4075E-01
  0.4138E-01  0.4200E-01  0.4263E-01  0.4324E-01  0.4386E-01  0.4447E-01
  0.4508E-01  0.4569E-01  0.4629E-01  0.4689E-01  0.4749E-01  0.4809E-01
 571390  10010  PROTON     0- 60 MeV ;    1MeV-steps
  0.1243E-02  0.2159E-02  0.2937E-02  0.3651E-02  0.4312E-02  0.4929E-02
  0.5513E-02  0.6069E-02  0.6603E-02  0.7120E-02  0.7624E-02  0.8117E-02
  0.8602E-02  0.9081E-02  0.9554E-02  0.1002E-01  0.1049E-01  0.1095E-01
  0.1141E-01  0.1186E-01  0.1231E-01  0.1275E-01  0.1319E-01  0.1363E-01
  0.1405E-01  0.1448E-01  0.1490E-01  0.1531E-01  0.1572E-01  0.1612E-01
  0.1652E-01  0.1692E-01  0.1731E-01  0.1769E-01  0.1808E-01  0.1846E-01
  0.1883E-01  0.1921E-01  0.1958E-01  0.1996E-01  0.2033E-01  0.2070E-01
  0.2107E-01  0.2144E-01  0.2182E-01  0.2219E-01  0.2256E-01  0.2293E-01
  0.2329E-01  0.2366E-01  0.2402E-01  0.2438E-01  0.2474E-01  0.2509E-01
  0.2544E-01  0.2578E-01  0.2611E-01  0.2643E-01  0.2676E-01  0.2707E-01
 581400  10010  PROTON     0- 60 MeV ;    1MeV-steps
  0.1248E-02  0.2056E-02  0.2752E-02  0.3392E-02  0.3987E-02  0.4544E-02
  0.5071E-02  0.5573E-02  0.6057E-02  0.6525E-02  0.6982E-02  0.7429E-02
  0.7870E-02  0.8304E-02  0.8733E-02  0.9158E-02  0.9580E-02  0.9997E-02
  0.1041E-01  0.1082E-01  0.1123E-01  0.1163E-01  0.1203E-01  0.1242E-01
  0.1281E-01  0.1320E-01  0.1358E-01  0.1395E-01  0.1432E-01  0.1469E-01
  0.1505E-01  0.1541E-01  0.1577E-01  0.1612E-01  0.1646E-01  0.1681E-01
  0.1715E-01  0.1749E-01  0.1783E-01  0.1817E-01  0.1851E-01  0.1884E-01
  0.1918E-01  0.1952E-01  0.1985E-01  0.2018E-01  0.2051E-01  0.2085E-01
  0.2117E-01  0.2150E-01  0.2183E-01  0.2215E-01  0.2247E-01  0.2278E-01
  0.2309E-01  0.2339E-01  0.2369E-01  0.2399E-01  0.2428E-01  0.2456E-01
 591410  10010  PROTON     0- 60 MeV ;    1MeV-steps
  0.1230E-02  0.2037E-02  0.2706E-02  0.3332E-02  0.3922E-02  0.4482E-02
  0.5016E-02  0.5527E-02  0.6019E-02  0.6495E-02  0.6958E-02  0.7409E-02
  0.7851E-02  0.8284E-02  0.8711E-02  0.9131E-02  0.9546E-02  0.9956E-02
  0.1036E-01  0.1076E-01  0.1116E-01  0.1156E-01  0.1195E-01  0.1233E-01
  0.1272E-01  0.1310E-01  0.1347E-01  0.1385E-01  0.1422E-01  0.1458E-01
  0.1495E-01  0.1531E-01  0.1566E-01  0.1601E-01  0.1636E-01  0.1671E-01
  0.1705E-01  0.1739E-01  0.1773E-01  0.1807E-01  0.1840E-01  0.1873E-01
  0.1906E-01  0.1939E-01  0.1972E-01  0.2004E-01  0.2036E-01  0.2069E-01
  0.2101E-01  0.2132E-01  0.2164E-01  0.2196E-01  0.2227E-01  0.2259E-01
  0.2290E-01  0.2321E-01  0.2352E-01  0.2383E-01  0.2414E-01  0.2444E-01
 601420  10010  PROTON     0- 60 MeV ;    1MeV-steps
  0.1220E-02  0.2016E-02  0.2701E-02  0.3333E-02  0.3921E-02  0.4472E-02
  0.4993E-02  0.5490E-02  0.5968E-02  0.6430E-02  0.6880E-02  0.7319E-02
  0.7750E-02  0.8174E-02  0.8593E-02  0.9008E-02  0.9418E-02  0.9824E-02
  0.1023E-01  0.1063E-01  0.1102E-01  0.1141E-01  0.1180E-01  0.1218E-01
  0.1256E-01  0.1293E-01  0.1330E-01  0.1367E-01  0.1403E-01  0.1439E-01
  0.1474E-01  0.1509E-01  0.1543E-01  0.1578E-01  0.1612E-01  0.1645E-01
  0.1678E-01  0.1712E-01  0.1744E-01  0.1777E-01  0.1810E-01  0.1843E-01
  0.1875E-01  0.1908E-01  0.1940E-01  0.1972E-01  0.2005E-01  0.2037E-01
  0.2069E-01  0.2101E-01  0.2133E-01  0.2165E-01  0.2196E-01  0.2227E-01
  0.2259E-01  0.2289E-01  0.2319E-01  0.2350E-01  0.2379E-01  0.2408E-01
 611480  10010  PROTON     0- 60 MeV ;    1MeV-steps
  0.1207E-02  0.2025E-02  0.2663E-02  0.3261E-02  0.3825E-02  0.4361E-02
  0.4872E-02  0.5363E-02  0.5837E-02  0.6297E-02  0.6745E-02  0.7182E-02
  0.7611E-02  0.8032E-02  0.8446E-02  0.8854E-02  0.9257E-02  0.9654E-02
  0.1005E-01  0.1043E-01  0.1082E-01  0.1119E-01  0.1157E-01  0.1194E-01
  0.1230E-01  0.1266E-01  0.1302E-01  0.1338E-01  0.1373E-01  0.1407E-01
  0.1442E-01  0.1476E-01  0.1510E-01  0.1544E-01  0.1577E-01  0.1610E-01
  0.1643E-01  0.1676E-01  0.1709E-01  0.1742E-01  0.1775E-01  0.1807E-01
  0.1839E-01  0.1872E-01  0.1904E-01  0.1935E-01  0.1967E-01  0.1998E-01
  0.2030E-01  0.2060E-01  0.2091E-01  0.2121E-01  0.2150E-01  0.2179E-01
  0.2208E-01  0.2236E-01  0.2263E-01  0.2291E-01  0.2317E-01  0.2344E-01
 621520  10010  PROTON     0- 60 MeV ;    1MeV-steps
  0.1206E-02  0.1961E-02  0.2581E-02  0.3163E-02  0.3710E-02  0.4230E-02
  0.4725E-02  0.5200E-02  0.5658E-02  0.6101E-02  0.6533E-02  0.6954E-02
  0.7367E-02  0.7772E-02  0.8171E-02  0.8564E-02  0.8952E-02  0.9335E-02
  0.9714E-02  0.1009E-01  0.1046E-01  0.1083E-01  0.1119E-01  0.1155E-01
  0.1191E-01  0.1226E-01  0.1261E-01  0.1295E-01  0.1330E-01  0.1363E-01
  0.1397E-01  0.1430E-01  0.1463E-01  0.1495E-01  0.1527E-01  0.1559E-01
  0.1591E-01  0.1623E-01  0.1654E-01  0.1685E-01  0.1716E-01  0.1746E-01
  0.1777E-01  0.1807E-01  0.1838E-01  0.1868E-01  0.1898E-01  0.1928E-01
  0.1958E-01  0.1988E-01  0.2018E-01  0.2047E-01  0.2076E-01  0.2106E-01
  0.2135E-01  0.2164E-01  0.2192E-01  0.2221E-01  0.2249E-01  0.2277E-01
 631530  10010  PROTON     0- 60 MeV ;    1MeV-steps
  0.1736E-02  0.2811E-02  0.3708E-02  0.4547E-02  0.5338E-02  0.6087E-02
  0.6799E-02  0.7482E-02  0.8139E-02  0.8773E-02  0.9390E-02  0.9991E-02
  0.1058E-01  0.1116E-01  0.1172E-01  0.1228E-01  0.1283E-01  0.1338E-01
  0.1392E-01  0.1445E-01  0.1498E-01  0.1551E-01  0.1603E-01  0.1655E-01
  0.1706E-01  0.1756E-01  0.1807E-01  0.1856E-01  0.1906E-01  0.1954E-01
  0.2003E-01  0.2051E-01  0.2098E-01  0.2145E-01  0.2192E-01  0.2238E-01
  0.2283E-01  0.2329E-01  0.2374E-01  0.2418E-01  0.2463E-01  0.2506E-01
  0.2550E-01  0.2594E-01  0.2637E-01  0.2680E-01  0.2723E-01  0.2765E-01
  0.2808E-01  0.2850E-01  0.2893E-01  0.2935E-01  0.2977E-01  0.3018E-01
  0.3060E-01  0.3101E-01  0.3142E-01  0.3183E-01  0.3223E-01  0.3263E-01
 641580  10010  PROTON     0- 60 MeV ;    1MeV-steps
  0.1187E-02  0.1913E-02  0.2500E-02  0.3059E-02  0.3591E-02  0.4100E-02
  0.4588E-02  0.5057E-02  0.5509E-02  0.5947E-02  0.6371E-02  0.6783E-02
  0.7185E-02  0.7578E-02  0.7963E-02  0.8341E-02  0.8713E-02  0.9080E-02
  0.9442E-02  0.9801E-02  0.1016E-01  0.1051E-01  0.1086E-01  0.1120E-01
  0.1155E-01  0.1189E-01  0.1223E-01  0.1256E-01  0.1290E-01  0.1323E-01
  0.1356E-01  0.1388E-01  0.1421E-01  0.1453E-01  0.1485E-01  0.1516E-01
  0.1548E-01  0.1579E-01  0.1609E-01  0.1640E-01  0.1670E-01  0.1700E-01
  0.1729E-01  0.1758E-01  0.1787E-01  0.1816E-01  0.1844E-01  0.1872E-01
  0.1901E-01  0.1928E-01  0.1956E-01  0.1984E-01  0.2011E-01  0.2039E-01
  0.2066E-01  0.2094E-01  0.2121E-01  0.2149E-01  0.2176E-01  0.2204E-01
 651590  10010  PROTON     0- 60 MeV ;    1MeV-steps
  0.1128E-02  0.1847E-02  0.2446E-02  0.3003E-02  0.3525E-02  0.4015E-02
  0.4481E-02  0.4925E-02  0.5351E-02  0.5762E-02  0.6161E-02  0.6550E-02
  0.6931E-02  0.7305E-02  0.7673E-02  0.8037E-02  0.8397E-02  0.8753E-02
  0.9107E-02  0.9457E-02  0.9805E-02  0.1015E-01  0.1049E-01  0.1083E-01
  0.1117E-01  0.1150E-01  0.1183E-01  0.1216E-01  0.1248E-01  0.1280E-01
  0.1312E-01  0.1343E-01  0.1374E-01  0.1404E-01  0.1434E-01  0.1464E-01
  0.1494E-01  0.1523E-01  0.1552E-01  0.1581E-01  0.1609E-01  0.1637E-01
  0.1665E-01  0.1693E-01  0.1721E-01  0.1749E-01  0.1776E-01  0.1804E-01
  0.1832E-01  0.1859E-01  0.1887E-01  0.1914E-01  0.1942E-01  0.1970E-01
  0.1997E-01  0.2025E-01  0.2052E-01  0.2079E-01  0.2106E-01  0.2133E-01
 661640  10010  PROTON     0- 60 MeV ;    1MeV-steps
  0.1119E-02  0.1789E-02  0.2358E-02  0.2890E-02  0.3388E-02  0.3859E-02
  0.4307E-02  0.4736E-02  0.5150E-02  0.5550E-02  0.5939E-02  0.6319E-02
  0.6691E-02  0.7057E-02  0.7416E-02  0.7771E-02  0.8121E-02  0.8467E-02
  0.8809E-02  0.9147E-02  0.9482E-02  0.9812E-02  0.1014E-01  0.1046E-01
  0.1078E-01  0.1110E-01  0.1141E-01  0.1172E-01  0.1203E-01  0.1233E-01
  0.1263E-01  0.1293E-01  0.1322E-01  0.1351E-01  0.1380E-01  0.1409E-01
  0.1438E-01  0.1466E-01  0.1495E-01  0.1523E-01  0.1551E-01  0.1579E-01
  0.1607E-01  0.1635E-01  0.1663E-01  0.1691E-01  0.1718E-01  0.1746E-01
  0.1773E-01  0.1800E-01  0.1827E-01  0.1854E-01  0.1881E-01  0.1907E-01
  0.1933E-01  0.1959E-01  0.1984E-01  0.2009E-01  0.2034E-01  0.2058E-01
 671650  10010  PROTON     0- 60 MeV ;    1MeV-steps
  0.1164E-02  0.1834E-02  0.2360E-02  0.2864E-02  0.3346E-02  0.3808E-02
  0.4253E-02  0.4681E-02  0.5095E-02  0.5496E-02  0.5885E-02  0.6263E-02
  0.6632E-02  0.6993E-02  0.7347E-02  0.7694E-02  0.8035E-02  0.8372E-02
  0.8704E-02  0.9032E-02  0.9356E-02  0.9677E-02  0.9995E-02  0.1031E-01
  0.1062E-01  0.1093E-01  0.1124E-01  0.1155E-01  0.1185E-01  0.1215E-01
  0.1245E-01  0.1274E-01  0.1304E-01  0.1333E-01  0.1361E-01  0.1390E-01
  0.1418E-01  0.1446E-01  0.1474E-01  0.1501E-01  0.1529E-01  0.1556E-01
  0.1583E-01  0.1609E-01  0.1636E-01  0.1662E-01  0.1689E-01  0.1715E-01
  0.1741E-01  0.1767E-01  0.1793E-01  0.1820E-01  0.1846E-01  0.1872E-01
  0.1898E-01  0.1924E-01  0.1950E-01  0.1976E-01  0.2002E-01  0.2028E-01
 681660  10010  PROTON     0- 60 MeV ;    1MeV-steps
  0.1105E-02  0.1773E-02  0.2313E-02  0.2818E-02  0.3293E-02  0.3743E-02
  0.4171E-02  0.4583E-02  0.4979E-02  0.5363E-02  0.5737E-02  0.6101E-02
  0.6458E-02  0.6809E-02  0.7154E-02  0.7493E-02  0.7828E-02  0.8159E-02
  0.8485E-02  0.8808E-02  0.9127E-02  0.9442E-02  0.9754E-02  0.1006E-01
  0.1037E-01  0.1067E-01  0.1097E-01  0.1126E-01  0.1155E-01  0.1184E-01
  0.1213E-01  0.1241E-01  0.1269E-01  0.1297E-01  0.1325E-01  0.1353E-01
  0.1380E-01  0.1407E-01  0.1435E-01  0.1462E-01  0.1489E-01  0.1516E-01
  0.1542E-01  0.1569E-01  0.1596E-01  0.1622E-01  0.1648E-01  0.1675E-01
  0.1701E-01  0.1726E-01  0.1752E-01  0.1777E-01  0.1802E-01  0.1827E-01
  0.1852E-01  0.1875E-01  0.1899E-01  0.1923E-01  0.1946E-01  0.1969E-01
 691690  10010  PROTON     0- 60 MeV ;    1MeV-steps
  0.1113E-02  0.1757E-02  0.2278E-02  0.2768E-02  0.3231E-02  0.3670E-02
  0.4090E-02  0.4492E-02  0.4879E-02  0.5254E-02  0.5617E-02  0.5972E-02
  0.6318E-02  0.6657E-02  0.6991E-02  0.7319E-02  0.7642E-02  0.7962E-02
  0.8277E-02  0.8590E-02  0.8899E-02  0.9205E-02  0.9508E-02  0.9808E-02
  0.1011E-01  0.1040E-01  0.1069E-01  0.1098E-01  0.1127E-01  0.1156E-01
  0.1184E-01  0.1212E-01  0.1240E-01  0.1267E-01  0.1294E-01  0.1322E-01
  0.1348E-01  0.1375E-01  0.1402E-01  0.1428E-01  0.1454E-01  0.1480E-01
  0.1506E-01  0.1531E-01  0.1557E-01  0.1582E-01  0.1607E-01  0.1632E-01
  0.1657E-01  0.1682E-01  0.1707E-01  0.1731E-01  0.1755E-01  0.1779E-01
  0.1803E-01  0.1827E-01  0.1851E-01  0.1874E-01  0.1898E-01  0.1921E-01
 701740  10010  PROTON     0- 60 MeV ;    1MeV-steps
  0.1554E-02  0.2424E-02  0.3114E-02  0.3769E-02  0.4394E-02  0.4992E-02
  0.5564E-02  0.6115E-02  0.6646E-02  0.7159E-02  0.7658E-02  0.8143E-02
  0.8616E-02  0.9079E-02  0.9534E-02  0.9981E-02  0.1042E-01  0.1086E-01
  0.1129E-01  0.1171E-01  0.1213E-01  0.1255E-01  0.1296E-01  0.1337E-01
  0.1378E-01  0.1419E-01  0.1459E-01  0.1498E-01  0.1538E-01  0.1577E-01
  0.1616E-01  0.1654E-01  0.1693E-01  0.1730E-01  0.1768E-01  0.1804E-01
  0.1841E-01  0.1877E-01  0.1913E-01  0.1948E-01  0.1983E-01  0.2018E-01
  0.2053E-01  0.2087E-01  0.2121E-01  0.2154E-01  0.2188E-01  0.2221E-01
  0.2254E-01  0.2288E-01  0.2321E-01  0.2354E-01  0.2388E-01  0.2421E-01
  0.2454E-01  0.2488E-01  0.2522E-01  0.2555E-01  0.2589E-01  0.2622E-01
 711750  10010  PROTON     0- 60 MeV ;    1MeV-steps
  0.1046E-02  0.1632E-02  0.2178E-02  0.2674E-02  0.3130E-02  0.3553E-02
  0.3950E-02  0.4325E-02  0.4684E-02  0.5029E-02  0.5365E-02  0.5694E-02
  0.6016E-02  0.6335E-02  0.6651E-02  0.6964E-02  0.7275E-02  0.7584E-02
  0.7892E-02  0.8197E-02  0.8501E-02  0.8802E-02  0.9101E-02  0.9397E-02
  0.9689E-02  0.9978E-02  0.1026E-01  0.1054E-01  0.1082E-01  0.1110E-01
  0.1136E-01  0.1163E-01  0.1189E-01  0.1215E-01  0.1240E-01  0.1265E-01
  0.1290E-01  0.1315E-01  0.1339E-01  0.1363E-01  0.1388E-01  0.1412E-01
  0.1436E-01  0.1459E-01  0.1484E-01  0.1508E-01  0.1532E-01  0.1556E-01
  0.1580E-01  0.1604E-01  0.1629E-01  0.1653E-01  0.1678E-01  0.1702E-01
  0.1726E-01  0.1750E-01  0.1774E-01  0.1797E-01  0.1820E-01  0.1843E-01
 721800  10010  PROTON     0- 60 MeV ;    1MeV-steps
  0.7999E-03  0.1238E-02  0.1610E-02  0.1956E-02  0.2282E-02  0.2590E-02
  0.2884E-02  0.3167E-02  0.3439E-02  0.3703E-02  0.3960E-02  0.4212E-02
  0.4458E-02  0.4700E-02  0.4939E-02  0.5173E-02  0.5405E-02  0.5633E-02
  0.5859E-02  0.6081E-02  0.6301E-02  0.6518E-02  0.6733E-02  0.6945E-02
  0.7154E-02  0.7361E-02  0.7565E-02  0.7768E-02  0.7968E-02  0.8167E-02
  0.8364E-02  0.8559E-02  0.8753E-02  0.8946E-02  0.9138E-02  0.9329E-02
  0.9519E-02  0.9709E-02  0.9898E-02  0.1009E-01  0.1027E-01  0.1046E-01
  0.1065E-01  0.1083E-01  0.1102E-01  0.1120E-01  0.1138E-01  0.1156E-01
  0.1174E-01  0.1192E-01  0.1209E-01  0.1226E-01  0.1242E-01  0.1259E-01
  0.1275E-01  0.1290E-01  0.1306E-01  0.1321E-01  0.1336E-01  0.1351E-01
 731810  10010  PROTON     0- 60 MeV ;    1MeV-steps
  0.6522E-03  0.1007E-02  0.1328E-02  0.1622E-02  0.1892E-02  0.2143E-02
  0.2380E-02  0.2606E-02  0.2822E-02  0.3032E-02  0.3236E-02  0.3436E-02
  0.3633E-02  0.3827E-02  0.4019E-02  0.4210E-02  0.4399E-02  0.4586E-02
  0.4771E-02  0.4954E-02  0.5136E-02  0.5315E-02  0.5493E-02  0.5667E-02
  0.5840E-02  0.6010E-02  0.6178E-02  0.6343E-02  0.6505E-02  0.6666E-02
  0.6825E-02  0.6981E-02  0.7136E-02  0.7290E-02  0.7442E-02  0.7594E-02
  0.7745E-02  0.7895E-02  0.8046E-02  0.8196E-02  0.8346E-02  0.8498E-02
  0.8649E-02  0.8801E-02  0.8952E-02  0.9105E-02  0.9256E-02  0.9408E-02
  0.9559E-02  0.9710E-02  0.9859E-02  0.1001E-01  0.1015E-01  0.1029E-01
  0.1043E-01  0.1057E-01  0.1070E-01  0.1083E-01  0.1095E-01  0.1107E-01
 741840  10010  PROTON     0- 60 MeV ;    1MeV-steps
  0.5727E-03  0.8954E-03  0.1153E-02  0.1395E-02  0.1624E-02  0.1841E-02
  0.2049E-02  0.2249E-02  0.2441E-02  0.2628E-02  0.2809E-02  0.2986E-02
  0.3160E-02  0.3330E-02  0.3497E-02  0.3662E-02  0.3824E-02  0.3983E-02
  0.4141E-02  0.4297E-02  0.4451E-02  0.4603E-02  0.4753E-02  0.4902E-02
  0.5049E-02  0.5194E-02  0.5337E-02  0.5480E-02  0.5620E-02  0.5760E-02
  0.5898E-02  0.6035E-02  0.6170E-02  0.6305E-02  0.6439E-02  0.6572E-02
  0.6704E-02  0.6835E-02  0.6966E-02  0.7096E-02  0.7225E-02  0.7355E-02
  0.7483E-02  0.7611E-02  0.7738E-02  0.7865E-02  0.7991E-02  0.8117E-02
  0.8241E-02  0.8365E-02  0.8487E-02  0.8608E-02  0.8728E-02  0.8846E-02
  0.8963E-02  0.9078E-02  0.9192E-02  0.9303E-02  0.9413E-02  0.9521E-02
 751870  10010  PROTON     0- 60 MeV ;    1MeV-steps
  0.5503E-03  0.8502E-03  0.1068E-02  0.1280E-02  0.1487E-02  0.1688E-02
  0.1882E-02  0.2070E-02  0.2252E-02  0.2428E-02  0.2599E-02  0.2764E-02
  0.2924E-02  0.3080E-02  0.3231E-02  0.3380E-02  0.3525E-02  0.3668E-02
  0.3809E-02  0.3948E-02  0.4086E-02  0.4222E-02  0.4358E-02  0.4493E-02
  0.4627E-02  0.4760E-02  0.4893E-02  0.5026E-02  0.5157E-02  0.5289E-02
  0.5419E-02  0.5549E-02  0.5677E-02  0.5805E-02  0.5931E-02  0.6056E-02
  0.6180E-02  0.6303E-02  0.6423E-02  0.6543E-02  0.6660E-02  0.6776E-02
  0.6892E-02  0.7005E-02  0.7118E-02  0.7230E-02  0.7341E-02  0.7452E-02
  0.7563E-02  0.7673E-02  0.7785E-02  0.7897E-02  0.8010E-02  0.8125E-02
  0.8241E-02  0.8358E-02  0.8477E-02  0.8597E-02  0.8716E-02  0.8838E-02
 761920  10010  PROTON     0- 60 MeV ;    1MeV-steps
  0.4897E-03  0.7599E-03  0.9966E-03  0.1214E-02  0.1416E-02  0.1604E-02
  0.1783E-02  0.1953E-02  0.2116E-02  0.2274E-02  0.2427E-02  0.2578E-02
  0.2725E-02  0.2871E-02  0.3014E-02  0.3156E-02  0.3297E-02  0.3437E-02
  0.3575E-02  0.3712E-02  0.3847E-02  0.3981E-02  0.4113E-02  0.4244E-02
  0.4373E-02  0.4500E-02  0.4625E-02  0.4749E-02  0.4871E-02  0.4991E-02
  0.5109E-02  0.5226E-02  0.5342E-02  0.5455E-02  0.5568E-02  0.5680E-02
  0.5791E-02  0.5901E-02  0.6010E-02  0.6119E-02  0.6228E-02  0.6337E-02
  0.6446E-02  0.6555E-02  0.6664E-02  0.6774E-02  0.6883E-02  0.6992E-02
  0.7103E-02  0.7212E-02  0.7323E-02  0.7432E-02  0.7542E-02  0.7650E-02
  0.7758E-02  0.7865E-02  0.7970E-02  0.8073E-02  0.8175E-02  0.8276E-02
 771930  10010  PROTON     0- 60 MeV ;    1MeV-steps
  0.5028E-03  0.7750E-03  0.1018E-02  0.1240E-02  0.1444E-02  0.1634E-02
  0.1813E-02  0.1984E-02  0.2148E-02  0.2307E-02  0.2462E-02  0.2613E-02
  0.2763E-02  0.2910E-02  0.3056E-02  0.3200E-02  0.3343E-02  0.3484E-02
  0.3623E-02  0.3761E-02  0.3898E-02  0.4032E-02  0.4165E-02  0.4295E-02
  0.4424E-02  0.4551E-02  0.4675E-02  0.4798E-02  0.4919E-02  0.5039E-02
  0.5157E-02  0.5274E-02  0.5389E-02  0.5504E-02  0.5618E-02  0.5732E-02
  0.5846E-02  0.5959E-02  0.6073E-02  0.6187E-02  0.6302E-02  0.6416E-02
  0.6531E-02  0.6646E-02  0.6762E-02  0.6877E-02  0.6992E-02  0.7108E-02
  0.7222E-02  0.7335E-02  0.7447E-02  0.7557E-02  0.7665E-02  0.7770E-02
  0.7873E-02  0.7974E-02  0.8069E-02  0.8166E-02  0.8257E-02  0.8348E-02
 781950  10010  PROTON     0- 60 MeV ;    1MeV-steps
  0.5621E-03  0.8526E-03  0.1097E-02  0.1325E-02  0.1539E-02  0.1741E-02
  0.1933E-02  0.2117E-02  0.2294E-02  0.2466E-02  0.2632E-02  0.2794E-02
  0.2953E-02  0.3108E-02  0.3262E-02  0.3413E-02  0.3561E-02  0.3709E-02
  0.3854E-02  0.3998E-02  0.4140E-02  0.4281E-02  0.4420E-02  0.4558E-02
  0.4694E-02  0.4828E-02  0.4961E-02  0.5093E-02  0.5223E-02  0.5352E-02
  0.5479E-02  0.5605E-02  0.5730E-02  0.5854E-02  0.5976E-02  0.6097E-02
  0.6218E-02  0.6338E-02  0.6457E-02  0.6575E-02  0.6694E-02  0.6811E-02
  0.6929E-02  0.7046E-02  0.7163E-02  0.7281E-02  0.7398E-02  0.7515E-02
  0.7632E-02  0.7748E-02  0.7865E-02  0.7982E-02  0.8097E-02  0.8213E-02
  0.8327E-02  0.8441E-02  0.8552E-02  0.8662E-02  0.8771E-02  0.8877E-02
 791970  10010  PROTON     0- 60 MeV ;    1MeV-steps
  0.5876E-03  0.9015E-03  0.1181E-02  0.1440E-02  0.1683E-02  0.1910E-02
  0.2125E-02  0.2328E-02  0.2523E-02  0.2710E-02  0.2890E-02  0.3066E-02
  0.3237E-02  0.3405E-02  0.3571E-02  0.3734E-02  0.3896E-02  0.4057E-02
  0.4216E-02  0.4375E-02  0.4533E-02  0.4690E-02  0.4846E-02  0.5002E-02
  0.5156E-02  0.5309E-02  0.5461E-02  0.5612E-02  0.5761E-02  0.5908E-02
  0.6053E-02  0.6196E-02  0.6337E-02  0.6476E-02  0.6613E-02  0.6747E-02
  0.6879E-02  0.7008E-02  0.7136E-02  0.7262E-02  0.7385E-02  0.7508E-02
  0.7629E-02  0.7749E-02  0.7868E-02  0.7987E-02  0.8105E-02  0.8224E-02
  0.8344E-02  0.8464E-02  0.8585E-02  0.8708E-02  0.8833E-02  0.8958E-02
  0.9086E-02  0.9215E-02  0.9345E-02  0.9476E-02  0.9607E-02  0.9738E-02
 802020  10010  PROTON     0- 60 MeV ;    1MeV-steps
  0.8395E-03  0.1306E-02  0.1712E-02  0.2084E-02  0.2428E-02  0.2748E-02
  0.3051E-02  0.3338E-02  0.3613E-02  0.3879E-02  0.4138E-02  0.4391E-02
  0.4639E-02  0.4884E-02  0.5126E-02  0.5364E-02  0.5601E-02  0.5835E-02
  0.6067E-02  0.6296E-02  0.6524E-02  0.6748E-02  0.6971E-02  0.7190E-02
  0.7407E-02  0.7621E-02  0.7832E-02  0.8041E-02  0.8247E-02  0.8450E-02
  0.8651E-02  0.8850E-02  0.9047E-02  0.9243E-02  0.9436E-02  0.9629E-02
  0.9820E-02  0.1001E-01  0.1020E-01  0.1039E-01  0.1058E-01  0.1077E-01
  0.1096E-01  0.1115E-01  0.1133E-01  0.1152E-01  0.1171E-01  0.1190E-01
  0.1208E-01  0.1227E-01  0.1245E-01  0.1263E-01  0.1280E-01  0.1298E-01
  0.1315E-01  0.1331E-01  0.1348E-01  0.1364E-01  0.1379E-01  0.1394E-01
 812050  10010  PROTON     0- 60 MeV ;    1MeV-steps
  0.9867E-03  0.1546E-02  0.1979E-02  0.2388E-02  0.2778E-02  0.3148E-02
  0.3502E-02  0.3842E-02  0.4168E-02  0.4483E-02  0.4788E-02  0.5085E-02
  0.5374E-02  0.5656E-02  0.5933E-02  0.6206E-02  0.6474E-02  0.6739E-02
  0.7001E-02  0.7261E-02  0.7518E-02  0.7773E-02  0.8026E-02  0.8277E-02
  0.8527E-02  0.8774E-02  0.9019E-02  0.9263E-02  0.9504E-02  0.9744E-02
  0.9980E-02  0.1021E-01  0.1045E-01  0.1068E-01  0.1090E-01  0.1113E-01
  0.1135E-01  0.1157E-01  0.1178E-01  0.1200E-01  0.1221E-01  0.1242E-01
  0.1263E-01  0.1284E-01  0.1304E-01  0.1325E-01  0.1345E-01  0.1366E-01
  0.1386E-01  0.1406E-01  0.1427E-01  0.1448E-01  0.1468E-01  0.1489E-01
  0.1510E-01  0.1531E-01  0.1552E-01  0.1573E-01  0.1594E-01  0.1614E-01
 822080  10010  PROTON     0- 60 MeV ;    1MeV-steps
  0.9880E-03  0.1590E-02  0.2043E-02  0.2470E-02  0.2874E-02  0.3259E-02
  0.3628E-02  0.3981E-02  0.4322E-02  0.4653E-02  0.4973E-02  0.5286E-02
  0.5591E-02  0.5890E-02  0.6182E-02  0.6470E-02  0.6753E-02  0.7031E-02
  0.7306E-02  0.7576E-02  0.7843E-02  0.8107E-02  0.8368E-02  0.8625E-02
  0.8880E-02  0.9133E-02  0.9382E-02  0.9630E-02  0.9875E-02  0.1012E-01
  0.1036E-01  0.1060E-01  0.1084E-01  0.1107E-01  0.1131E-01  0.1154E-01
  0.1177E-01  0.1200E-01  0.1223E-01  0.1246E-01  0.1269E-01  0.1291E-01
  0.1314E-01  0.1336E-01  0.1359E-01  0.1381E-01  0.1402E-01  0.1424E-01
  0.1446E-01  0.1467E-01  0.1488E-01  0.1509E-01  0.1529E-01  0.1550E-01
  0.1570E-01  0.1589E-01  0.1609E-01  0.1628E-01  0.1648E-01  0.1667E-01
 832090  10010  PROTON     0- 60 MeV ;    1MeV-steps
  0.1104E-02  0.1830E-02  0.2385E-02  0.2901E-02  0.3383E-02  0.3837E-02
  0.4268E-02  0.4680E-02  0.5075E-02  0.5456E-02  0.5827E-02  0.6187E-02
  0.6539E-02  0.6884E-02  0.7223E-02  0.7556E-02  0.7885E-02  0.8209E-02
  0.8529E-02  0.8845E-02  0.9157E-02  0.9465E-02  0.9770E-02  0.1007E-01
  0.1037E-01  0.1066E-01  0.1096E-01  0.1125E-01  0.1153E-01  0.1182E-01
  0.1210E-01  0.1238E-01  0.1265E-01  0.1293E-01  0.1320E-01  0.1348E-01
  0.1375E-01  0.1402E-01  0.1429E-01  0.1456E-01  0.1483E-01  0.1510E-01
  0.1536E-01  0.1563E-01  0.1589E-01  0.1616E-01  0.1642E-01  0.1668E-01
  0.1693E-01  0.1719E-01  0.1744E-01  0.1768E-01  0.1793E-01  0.1817E-01
  0.1840E-01  0.1863E-01  0.1885E-01  0.1907E-01  0.1929E-01  0.1951E-01
 842090  10010  PROTON     0- 60 MeV ;    1MeV-steps
  0.1191E-02  0.1914E-02  0.2506E-02  0.3050E-02  0.3555E-02  0.4026E-02
  0.4471E-02  0.4893E-02  0.5297E-02  0.5687E-02  0.6065E-02  0.6434E-02
  0.6795E-02  0.7150E-02  0.7501E-02  0.7847E-02  0.8190E-02  0.8529E-02
  0.8866E-02  0.9199E-02  0.9529E-02  0.9856E-02  0.1018E-01  0.1050E-01
  0.1082E-01  0.1113E-01  0.1144E-01  0.1175E-01  0.1205E-01  0.1235E-01
  0.1264E-01  0.1293E-01  0.1322E-01  0.1350E-01  0.1378E-01  0.1406E-01
  0.1434E-01  0.1461E-01  0.1488E-01  0.1515E-01  0.1542E-01  0.1569E-01
  0.1596E-01  0.1623E-01  0.1649E-01  0.1676E-01  0.1703E-01  0.1729E-01
  0.1756E-01  0.1783E-01  0.1809E-01  0.1836E-01  0.1862E-01  0.1888E-01
  0.1914E-01  0.1940E-01  0.1965E-01  0.1990E-01  0.2014E-01  0.2039E-01
 852100  10010  PROTON     0- 60 MeV ;    1MeV-steps
  0.2330E-02  0.3578E-02  0.4646E-02  0.5629E-02  0.6542E-02  0.7397E-02
  0.8205E-02  0.8975E-02  0.9714E-02  0.1043E-01  0.1112E-01  0.1180E-01
  0.1247E-01  0.1313E-01  0.1378E-01  0.1442E-01  0.1505E-01  0.1568E-01
  0.1630E-01  0.1692E-01  0.1753E-01  0.1814E-01  0.1873E-01  0.1932E-01
  0.1991E-01  0.2048E-01  0.2105E-01  0.2162E-01  0.2217E-01  0.2272E-01
  0.2326E-01  0.2380E-01  0.2432E-01  0.2485E-01  0.2537E-01  0.2588E-01
  0.2639E-01  0.2690E-01  0.2740E-01  0.2790E-01  0.2840E-01  0.2890E-01
  0.2939E-01  0.2988E-01  0.3038E-01  0.3087E-01  0.3136E-01  0.3185E-01
  0.3233E-01  0.3282E-01  0.3329E-01  0.3377E-01  0.3424E-01  0.3471E-01
  0.3517E-01  0.3562E-01  0.3607E-01  0.3652E-01  0.3695E-01  0.3739E-01
 862220  10010  PROTON     0- 60 MeV ;    1MeV-steps
  0.2308E-02  0.3656E-02  0.4710E-02  0.5709E-02  0.6656E-02  0.7558E-02
  0.8420E-02  0.9245E-02  0.1004E-01  0.1080E-01  0.1155E-01  0.1226E-01
  0.1297E-01  0.1365E-01  0.1432E-01  0.1498E-01  0.1563E-01  0.1627E-01
  0.1690E-01  0.1753E-01  0.1815E-01  0.1876E-01  0.1937E-01  0.1998E-01
  0.2058E-01  0.2118E-01  0.2177E-01  0.2236E-01  0.2295E-01  0.2353E-01
  0.2411E-01  0.2468E-01  0.2524E-01  0.2580E-01  0.2636E-01  0.2691E-01
  0.2745E-01  0.2799E-01  0.2852E-01  0.2905E-01  0.2957E-01  0.3008E-01
  0.3059E-01  0.3110E-01  0.3160E-01  0.3209E-01  0.3259E-01  0.3308E-01
  0.3356E-01  0.3405E-01  0.3453E-01  0.3501E-01  0.3550E-01  0.3598E-01
  0.3647E-01  0.3695E-01  0.3744E-01  0.3792E-01  0.3841E-01  0.3889E-01
 872230  10010  PROTON     0- 60 MeV ;    1MeV-steps
  0.2306E-02  0.3697E-02  0.4773E-02  0.5783E-02  0.6735E-02  0.7636E-02
  0.8495E-02  0.9316E-02  0.1011E-01  0.1087E-01  0.1160E-01  0.1232E-01
  0.1302E-01  0.1371E-01  0.1438E-01  0.1504E-01  0.1570E-01  0.1634E-01
  0.1697E-01  0.1760E-01  0.1822E-01  0.1884E-01  0.1945E-01  0.2005E-01
  0.2065E-01  0.2125E-01  0.2184E-01  0.2242E-01  0.2300E-01  0.2357E-01
  0.2414E-01  0.2471E-01  0.2527E-01  0.2582E-01  0.2637E-01  0.2692E-01
  0.2746E-01  0.2800E-01  0.2853E-01  0.2906E-01  0.2958E-01  0.3010E-01
  0.3062E-01  0.3114E-01  0.3165E-01  0.3215E-01  0.3265E-01  0.3315E-01
  0.3365E-01  0.3414E-01  0.3463E-01  0.3511E-01  0.3559E-01  0.3607E-01
  0.3654E-01  0.3701E-01  0.3748E-01  0.3794E-01  0.3841E-01  0.3887E-01
 882260  10010  PROTON     0- 60 MeV ;    1MeV-steps
  0.2182E-02  0.3588E-02  0.4744E-02  0.5803E-02  0.6782E-02  0.7694E-02
  0.8552E-02  0.9365E-02  0.1014E-01  0.1089E-01  0.1162E-01  0.1233E-01
  0.1302E-01  0.1370E-01  0.1437E-01  0.1503E-01  0.1569E-01  0.1634E-01
  0.1698E-01  0.1762E-01  0.1825E-01  0.1887E-01  0.1949E-01  0.2011E-01
  0.2071E-01  0.2131E-01  0.2190E-01  0.2249E-01  0.2307E-01  0.2364E-01
  0.2420E-01  0.2476E-01  0.2532E-01  0.2586E-01  0.2641E-01  0.2695E-01
  0.2748E-01  0.2801E-01  0.2854E-01  0.2906E-01  0.2959E-01  0.3011E-01
  0.3062E-01  0.3114E-01  0.3166E-01  0.3217E-01  0.3268E-01  0.3319E-01
  0.3370E-01  0.3420E-01  0.3470E-01  0.3520E-01  0.3569E-01  0.3617E-01
  0.3666E-01  0.3713E-01  0.3760E-01  0.3806E-01  0.3852E-01  0.3897E-01
 892270  10010  PROTON     0- 60 MeV ;    1MeV-steps
  0.1085E-02  0.1812E-02  0.2367E-02  0.2879E-02  0.3355E-02  0.3803E-02
  0.4226E-02  0.4629E-02  0.5017E-02  0.5392E-02  0.5756E-02  0.6112E-02
  0.6460E-02  0.6802E-02  0.7139E-02  0.7471E-02  0.7799E-02  0.8123E-02
  0.8442E-02  0.8758E-02  0.9070E-02  0.9377E-02  0.9681E-02  0.9980E-02
  0.1028E-01  0.1057E-01  0.1085E-01  0.1114E-01  0.1142E-01  0.1170E-01
  0.1197E-01  0.1224E-01  0.1251E-01  0.1278E-01  0.1304E-01  0.1331E-01
  0.1357E-01  0.1383E-01  0.1409E-01  0.1436E-01  0.1462E-01  0.1488E-01
  0.1514E-01  0.1540E-01  0.1567E-01  0.1593E-01  0.1619E-01  0.1645E-01
  0.1671E-01  0.1697E-01  0.1722E-01  0.1748E-01  0.1773E-01  0.1797E-01
  0.1821E-01  0.1845E-01  0.1867E-01  0.1890E-01  0.1912E-01  0.1933E-01
 902320  10010  PROTON     0- 60 MeV ;    1MeV-steps
  0.9684E-03  0.1586E-02  0.2057E-02  0.2497E-02  0.2911E-02  0.3302E-02
  0.3675E-02  0.4030E-02  0.4372E-02  0.4702E-02  0.5021E-02  0.5332E-02
  0.5635E-02  0.5932E-02  0.6223E-02  0.6509E-02  0.6791E-02  0.7070E-02
  0.7345E-02  0.7616E-02  0.7885E-02  0.8151E-02  0.8414E-02  0.8675E-02
  0.8933E-02  0.9188E-02  0.9441E-02  0.9692E-02  0.9939E-02  0.1018E-01
  0.1043E-01  0.1067E-01  0.1091E-01  0.1114E-01  0.1138E-01  0.1161E-01
  0.1184E-01  0.1207E-01  0.1229E-01  0.1252E-01  0.1274E-01  0.1296E-01
  0.1318E-01  0.1340E-01  0.1362E-01  0.1384E-01  0.1406E-01  0.1428E-01
  0.1449E-01  0.1471E-01  0.1492E-01  0.1513E-01  0.1535E-01  0.1556E-01
  0.1577E-01  0.1598E-01  0.1619E-01  0.1640E-01  0.1661E-01  0.1681E-01
 912310  10010  PROTON     0- 60 MeV ;    1MeV-steps
  0.7500E-03  0.1215E-02  0.1580E-02  0.1916E-02  0.2229E-02  0.2522E-02
  0.2799E-02  0.3064E-02  0.3318E-02  0.3564E-02  0.3804E-02  0.4038E-02
  0.4267E-02  0.4493E-02  0.4715E-02  0.4935E-02  0.5151E-02  0.5365E-02
  0.5576E-02  0.5785E-02  0.5991E-02  0.6194E-02  0.6394E-02  0.6592E-02
  0.6787E-02  0.6980E-02  0.7169E-02  0.7357E-02  0.7542E-02  0.7725E-02
  0.7906E-02  0.8085E-02  0.8263E-02  0.8440E-02  0.8615E-02  0.8790E-02
  0.8964E-02  0.9137E-02  0.9310E-02  0.9483E-02  0.9655E-02  0.9827E-02
  0.9998E-02  0.1017E-01  0.1034E-01  0.1051E-01  0.1068E-01  0.1084E-01
  0.1101E-01  0.1117E-01  0.1133E-01  0.1148E-01  0.1164E-01  0.1178E-01
  0.1193E-01  0.1207E-01  0.1221E-01  0.1234E-01  0.1248E-01  0.1261E-01
 922380  10010  PROTON     0- 60 MeV ;    1MeV-steps
  0.6047E-03  0.9814E-03  0.1284E-02  0.1564E-02  0.1824E-02  0.2067E-02
  0.2297E-02  0.2516E-02  0.2726E-02  0.2928E-02  0.3125E-02  0.3316E-02
  0.3504E-02  0.3688E-02  0.3869E-02  0.4047E-02  0.4224E-02  0.4398E-02
  0.4570E-02  0.4740E-02  0.4909E-02  0.5075E-02  0.5240E-02  0.5402E-02
  0.5563E-02  0.5722E-02  0.5878E-02  0.6033E-02  0.6185E-02  0.6336E-02
  0.6485E-02  0.6632E-02  0.6778E-02  0.6922E-02  0.7065E-02  0.7207E-02
  0.7348E-02  0.7488E-02  0.7628E-02  0.7767E-02  0.7905E-02  0.8043E-02
  0.8181E-02  0.8319E-02  0.8457E-02  0.8595E-02  0.8733E-02  0.8870E-02
  0.9008E-02  0.9144E-02  0.9282E-02  0.9417E-02  0.9552E-02  0.9686E-02
  0.9819E-02  0.9950E-02  0.1008E-01  0.1021E-01  0.1033E-01  0.1045E-01
 932370  10010  PROTON     0- 60 MeV ;    1MeV-steps
  0.3878E-03  0.7645E-03  0.1067E-02  0.1347E-02  0.1607E-02  0.1850E-02
  0.2080E-02  0.2299E-02  0.2509E-02  0.2712E-02  0.2908E-02  0.3099E-02
  0.3287E-02  0.3471E-02  0.3652E-02  0.3830E-02  0.4007E-02  0.4181E-02
  0.4353E-02  0.4523E-02  0.4692E-02  0.4858E-02  0.5023E-02  0.5185E-02
  0.5346E-02  0.5505E-02  0.5661E-02  0.5816E-02  0.5968E-02  0.6119E-02
  0.6268E-02  0.6416E-02  0.6561E-02  0.6705E-02  0.6849E-02  0.6990E-02
  0.7131E-02  0.7271E-02  0.7411E-02  0.7550E-02  0.7688E-02  0.7826E-02
  0.7964E-02  0.8102E-02  0.8240E-02  0.8378E-02  0.8516E-02  0.8654E-02
  0.8791E-02  0.8928E-02  0.9065E-02  0.9200E-02  0.9336E-02  0.9469E-02
  0.9602E-02  0.9733E-02  0.9861E-02  0.9990E-02  0.1011E-01  0.1024E-01
 942440  10010  PROTON     0- 60 MeV ;    1MeV-steps
  0.4813E-03  0.8580E-03  0.1161E-02  0.1440E-02  0.1700E-02  0.1944E-02
  0.2174E-02  0.2393E-02  0.2603E-02  0.2805E-02  0.3002E-02  0.3193E-02
  0.3380E-02  0.3564E-02  0.3745E-02  0.3924E-02  0.4100E-02  0.4274E-02
  0.4447E-02  0.4617E-02  0.4785E-02  0.4952E-02  0.5116E-02  0.5279E-02
  0.5440E-02  0.5598E-02  0.5755E-02  0.5909E-02  0.6062E-02  0.6213E-02
  0.6362E-02  0.6509E-02  0.6655E-02  0.6799E-02  0.6942E-02  0.7084E-02
  0.7225E-02  0.7365E-02  0.7504E-02  0.7643E-02  0.7782E-02  0.7920E-02
  0.8058E-02  0.8196E-02  0.8334E-02  0.8472E-02  0.8609E-02  0.8747E-02
  0.8884E-02  0.9021E-02  0.9158E-02  0.9294E-02  0.9429E-02  0.9563E-02
  0.9695E-02  0.9827E-02  0.9955E-02  0.1008E-01  0.1021E-01  0.1033E-01
 952430  10010  PROTON     0- 60 MeV ;    1MeV-steps
  0.2053E-02  0.2430E-02  0.2733E-02  0.3012E-02  0.3272E-02  0.3516E-02
  0.3746E-02  0.3965E-02  0.4174E-02  0.4377E-02  0.4573E-02  0.4765E-02
  0.4952E-02  0.5136E-02  0.5317E-02  0.5496E-02  0.5672E-02  0.5846E-02
  0.6018E-02  0.6189E-02  0.6357E-02  0.6524E-02  0.6688E-02  0.6851E-02
  0.7011E-02  0.7170E-02  0.7327E-02  0.7481E-02  0.7634E-02  0.7785E-02
  0.7934E-02  0.8081E-02  0.8227E-02  0.8371E-02  0.8514E-02  0.8656E-02
  0.8797E-02  0.8937E-02  0.9076E-02  0.9215E-02  0.9353E-02  0.9492E-02
  0.9630E-02  0.9768E-02  0.9905E-02  0.1004E-01  0.1018E-01  0.1032E-01
  0.1046E-01  0.1059E-01  0.1073E-01  0.1087E-01  0.1100E-01  0.1113E-01
  0.1127E-01  0.1140E-01  0.1153E-01  0.1165E-01  0.1178E-01  0.1190E-01
 962470  10010  PROTON     0- 60 MeV ;    1MeV-steps
  0.2192E-02  0.2568E-02  0.2871E-02  0.3151E-02  0.3410E-02  0.3654E-02
  0.3884E-02  0.4103E-02  0.4313E-02  0.4515E-02  0.4712E-02  0.4903E-02
  0.5091E-02  0.5275E-02  0.5456E-02  0.5634E-02  0.5811E-02  0.5985E-02
  0.6157E-02  0.6327E-02  0.6496E-02  0.6662E-02  0.6827E-02  0.6989E-02
  0.7150E-02  0.7308E-02  0.7465E-02  0.7620E-02  0.7772E-02  0.7923E-02
  0.8072E-02  0.8219E-02  0.8365E-02  0.8509E-02  0.8652E-02  0.8794E-02
  0.8935E-02  0.9075E-02  0.9214E-02  0.9354E-02  0.9492E-02  0.9630E-02
  0.9768E-02  0.9906E-02  0.1004E-01  0.1018E-01  0.1032E-01  0.1046E-01
  0.1059E-01  0.1073E-01  0.1087E-01  0.1100E-01  0.1114E-01  0.1127E-01
  0.1141E-01  0.1154E-01  0.1167E-01  0.1179E-01  0.1192E-01  0.1204E-01
