  1.9640000E+07  1.9620300E+07  1.9600600E+07  1.9581000E+07  1.9561300E+07
  1.9541600E+07  1.9521900E+07  1.9502200E+07  1.9482600E+07  1.9462900E+07
  1.9443200E+07  1.9423500E+07  1.9403800E+07  1.9384200E+07  1.9364500E+07
  1.9344800E+07  1.9325100E+07  1.9305500E+07  1.9285800E+07  1.9266100E+07
  1.9246400E+07  1.9226700E+07  1.9207100E+07  1.9187400E+07  1.9167700E+07
  1.9148000E+07  1.9128300E+07  1.9108700E+07  1.9089000E+07  1.9069300E+07
  1.9049600E+07  1.9029900E+07  1.9010300E+07  1.8990600E+07  1.8970900E+07
  1.8951200E+07  1.8931500E+07  1.8911900E+07  1.8892200E+07  1.8872500E+07
  1.8852800E+07  1.8833100E+07  1.8813500E+07  1.8793800E+07  1.8774100E+07
  1.8754400E+07  1.8734700E+07  1.8715100E+07  1.8695400E+07  1.8675700E+07
  1.8656000E+07  1.8636400E+07  1.8616700E+07  1.8597000E+07  1.8577300E+07
  1.8557600E+07  1.8538000E+07  1.8518300E+07  1.8498600E+07  1.8478900E+07
  1.8459200E+07  1.8439600E+07  1.8419900E+07  1.8400200E+07  1.8380500E+07
  1.8360800E+07  1.8341200E+07  1.8321500E+07  1.8301800E+07  1.8282100E+07
  1.8262400E+07  1.8242800E+07  1.8223100E+07  1.8203400E+07  1.8183700E+07
  1.8164000E+07  1.8144400E+07  1.8124700E+07  1.8105000E+07  1.8085300E+07
  1.8065700E+07  1.8046000E+07  1.8026300E+07  1.8006600E+07  1.7986900E+07
  1.7967300E+07  1.7947600E+07  1.7927900E+07  1.7908200E+07  1.7888500E+07
  1.7868900E+07  1.7849200E+07  1.7829500E+07  1.7809800E+07  1.7790100E+07
  1.7770500E+07  1.7750800E+07  1.7731100E+07  1.7711400E+07  1.7691700E+07
  1.7672100E+07  1.7652400E+07  1.7632700E+07  1.7613000E+07  1.7593300E+07
  1.7573700E+07  1.7554000E+07  1.7534300E+07  1.7514600E+07  1.7494900E+07
  1.7475300E+07  1.7455600E+07  1.7435900E+07  1.7416200E+07  1.7396600E+07
  1.7376900E+07  1.7357200E+07  1.7337500E+07  1.7317800E+07  1.7298200E+07
  1.7278500E+07  1.7258800E+07  1.7239100E+07  1.7219400E+07  1.7199800E+07
  1.7180100E+07  1.7160400E+07  1.7140700E+07  1.7121000E+07  1.7101400E+07
  1.7081700E+07  1.7062000E+07  1.7042300E+07  1.7022600E+07  1.7003000E+07
  1.6983300E+07  1.6963600E+07  1.6943900E+07  1.6924200E+07  1.6904600E+07
  1.6884900E+07  1.6865200E+07  1.6845500E+07  1.6825900E+07  1.6806200E+07
  1.6786500E+07  1.6766800E+07  1.6747101E+07  1.6727501E+07  1.6707800E+07
  1.6688101E+07  1.6668400E+07  1.6648701E+07  1.6629101E+07  1.6609400E+07
  1.6589701E+07  1.6570000E+07  1.6550301E+07  1.6530701E+07  1.6511000E+07
  1.6491301E+07  1.6471600E+07  1.6451900E+07  1.6432301E+07  1.6412600E+07
  1.6392900E+07  1.6373199E+07  1.6353500E+07  1.6333900E+07  1.6314199E+07
  1.6294500E+07  1.6274799E+07  1.6255199E+07  1.6235500E+07  1.6215799E+07
  1.6196100E+07  1.6176399E+07  1.6156799E+07  1.6137100E+07  1.6117399E+07
  1.6097700E+07  1.6077999E+07  1.6058399E+07  1.6038700E+07  1.6018999E+07
  1.5999300E+07  1.5979600E+07  1.5960000E+07  1.5940300E+07  1.5920600E+07
  1.5900900E+07  1.5881200E+07  1.5861600E+07  1.5841900E+07  1.5822200E+07
  1.5802500E+07  1.5782800E+07  1.5763200E+07  1.5743500E+07  1.5723800E+07
  1.5704100E+07  1.5684400E+07  1.5664800E+07  1.5645100E+07  1.5625400E+07
  1.5605700E+07  1.5586100E+07  1.5566400E+07  1.5546700E+07  1.5527000E+07
  1.5507300E+07  1.5487700E+07  1.5468000E+07  1.5448300E+07  1.5428600E+07
  1.5408900E+07  1.5389300E+07  1.5369600E+07  1.5349900E+07  1.5330200E+07
  1.5310500E+07  1.5290900E+07  1.5271200E+07  1.5251500E+07  1.5231800E+07
  1.5212100E+07  1.5192500E+07  1.5172800E+07  1.5153100E+07  1.5133400E+07
  1.5113700E+07  1.5094100E+07  1.5074400E+07  1.5054700E+07  1.5035000E+07
  1.5015400E+07  1.4995700E+07  1.4976000E+07  1.4956300E+07  1.4936600E+07
  1.4917000E+07  1.4897300E+07  1.4877600E+07  1.4857900E+07  1.4838200E+07
  1.4818600E+07  1.4798900E+07  1.4779200E+07  1.4759500E+07  1.4739800E+07
  1.4720200E+07  1.4700500E+07  1.4680800E+07  1.4661100E+07  1.4641400E+07
  1.4621800E+07  1.4602100E+07  1.4582400E+07  1.4562700E+07  1.4543000E+07
  1.4523400E+07  1.4503700E+07  1.4484000E+07  1.4464300E+07  1.4444600E+07
  1.4425000E+07  1.4405300E+07  1.4385600E+07  1.4365900E+07  1.4346300E+07
  1.4326600E+07  1.4306900E+07  1.4287200E+07  1.4267500E+07  1.4247900E+07
  1.4228200E+07  1.4208500E+07  1.4188800E+07  1.4169100E+07  1.4149500E+07
  1.4129800E+07  1.4110100E+07  1.4090400E+07  1.4070700E+07  1.4051100E+07
  1.4031400E+07  1.4011700E+07  1.3992000E+07  1.3972300E+07  1.3952700E+07
  1.3933000E+07  1.3913300E+07  1.3893600E+07  1.3873900E+07  1.3854300E+07
  1.3834600E+07  1.3814900E+07  1.3795200E+07  1.3775600E+07  1.3755900E+07
  1.3736200E+07  1.3716500E+07  1.3696800E+07  1.3677200E+07  1.3657500E+07
  1.3637800E+07  1.3618100E+07  1.3598400E+07  1.3578800E+07  1.3559100E+07
  1.3539400E+07  1.3519700E+07  1.3500000E+07  1.3480400E+07  1.3460700E+07
  1.3441000E+07  1.3421300E+07  1.3401600E+07  1.3382000E+07  1.3362300E+07
  1.3342600E+07  1.3322900E+07  1.3303200E+07  1.3283600E+07  1.3263900E+07
  1.3244200E+07  1.3224500E+07  1.3204800E+07  1.3185200E+07  1.3165500E+07
  1.3145800E+07  1.3126100E+07  1.3106500E+07  1.3086800E+07  1.3067100E+07
  1.3047400E+07  1.3027700E+07  1.3008100E+07  1.2988400E+07  1.2968700E+07
  1.2949000E+07  1.2929300E+07  1.2909700E+07  1.2890000E+07  1.2870300E+07
  1.2850600E+07  1.2830900E+07  1.2811300E+07  1.2791600E+07  1.2771900E+07
  1.2752200E+07  1.2732500E+07  1.2712900E+07  1.2693200E+07  1.2673500E+07
  1.2653800E+07  1.2634100E+07  1.2614500E+07  1.2594800E+07  1.2575100E+07
  1.2555400E+07  1.2535800E+07  1.2516100E+07  1.2496400E+07  1.2476700E+07
  1.2457000E+07  1.2437400E+07  1.2417700E+07  1.2398000E+07  1.2378300E+07
  1.2358600E+07  1.2339000E+07  1.2319300E+07  1.2299600E+07  1.2279900E+07
  1.2260200E+07  1.2240600E+07  1.2220900E+07  1.2201200E+07  1.2181500E+07
  1.2161800E+07  1.2142200E+07  1.2122500E+07  1.2102800E+07  1.2083100E+07
  1.2063400E+07  1.2043800E+07  1.2024100E+07  1.2004400E+07  1.1984700E+07
  1.1965100E+07  1.1945400E+07  1.1925700E+07  1.1906000E+07  1.1886300E+07
  1.1866700E+07  1.1847000E+07  1.1827300E+07  1.1807600E+07  1.1787900E+07
  1.1768300E+07  1.1748600E+07  1.1728900E+07  1.1709200E+07  1.1689500E+07
  1.1669900E+07  1.1650200E+07  1.1630500E+07  1.1610800E+07  1.1591100E+07
  1.1571500E+07  1.1551800E+07  1.1532100E+07  1.1512400E+07  1.1492700E+07
  1.1473100E+07  1.1453400E+07  1.1433700E+07  1.1414000E+07  1.1394300E+07
  1.1374700E+07  1.1355000E+07  1.1335300E+07  1.1315600E+07  1.1296000E+07
  1.1276300E+07  1.1256600E+07  1.1236900E+07  1.1217200E+07  1.1197600E+07
  1.1177900E+07  1.1158200E+07  1.1138500E+07  1.1118800E+07  1.1099200E+07
  1.1079500E+07  1.1059800E+07  1.1040100E+07  1.1020400E+07  1.1000800E+07
  1.0981100E+07  1.0961400E+07  1.0941700E+07  1.0922000E+07  1.0902400E+07
  1.0882700E+07  1.0863000E+07  1.0843300E+07  1.0823600E+07  1.0804000E+07
  1.0784300E+07  1.0764600E+07  1.0744900E+07  1.0725300E+07  1.0705600E+07
  1.0685900E+07  1.0666200E+07  1.0646500E+07  1.0626900E+07  1.0607200E+07
  1.0587500E+07  1.0567800E+07  1.0548100E+07  1.0528500E+07  1.0508800E+07
  1.0489100E+07  1.0469400E+07  1.0449700E+07  1.0430100E+07  1.0410400E+07
  1.0390700E+07  1.0371000E+07  1.0351300E+07  1.0331700E+07  1.0312000E+07
  1.0292300E+07  1.0272600E+07  1.0252900E+07  1.0233300E+07  1.0213600E+07
  1.0193900E+07  1.0174200E+07  1.0154500E+07  1.0134900E+07  1.0115200E+07
  1.0095500E+07  1.0075800E+07  1.0056200E+07  1.0036500E+07  1.0016800E+07
   9997110.       9977430.       9957760.       9938080.       9918400.    
   9898720.       9879040.       9859360.       9839680.       9820000.    
   9800320.       9780640.       9760960.       9741280.       9721600.    
   9701920.       9682240.       9662570.       9642890.       9623210.    
   9603530.       9583850.       9564170.       9544490.       9524810.    
   9505130.       9485450.       9465770.       9446090.       9426410.    
   9406730.       9387050.       9367370.       9347700.       9328020.    
   9308340.       9288660.       9268980.       9249300.       9229620.    
   9209940.       9190260.       9170580.       9150900.       9131220.    
   9111540.       9091860.       9072180.       9052510.       9032830.    
   9013150.       8993470.       8973790.       8954110.       8934430.    
   8914750.       8895070.       8875390.       8855710.       8836030.    
   8816350.       8796670.       8776990.       8757310.       8737640.    
   8717960.       8698280.       8678600.       8658920.       8639240.    
   8619560.       8599880.       8580200.       8560520.       8540840.    
   8521160.       8501480.       8481800.       8462120.       8442440.    
   8422770.       8403090.       8383410.       8363730.       8344050.    
   8324370.       8304690.       8285010.       8265330.       8245650.    
   8225970.       8206290.       8186610.       8166930.       8147250.    
   8127580.       8107900.       8088220.       8068540.       8048860.    
   8029180.       8009500.       7989820.       7970140.       7950460.    
   7930780.       7911100.       7891420.       7871740.       7852060.    
   7832380.       7812710.       7793030.       7773350.       7753670.    
   7733990.       7714310.       7694630.       7674950.       7655270.    
   7635590.       7615910.       7596230.       7576550.       7556870.    
   7537190.       7517520.       7497840.       7478160.       7458480.    
   7438800.       7419120.       7399440.       7379760.       7360080.    
   7340400.       7320720.       7301040.       7281360.       7261680.    
   7242000.       7222320.       7202650.       7182970.       7163290.    
   7143610.       7123930.       7104250.       7084570.       7064890.    
   7045210.       7025530.       7005850.       6986170.       6966490.    
   6946810.       6927130.       6907450.       6887780.       6868100.    
   6848420.       6828740.       6809060.       6789380.       6769700.    
   6750020.       6730340.       6710660.       6690980.       6671300.    
   6651620.       6631940.       6612260.       6592590.       6572910.    
   6553230.       6533550.       6513870.       6494190.       6474510.    
   6454830.       6435150.       6415470.       6395790.       6376110.    
   6356430.       6336750.       6317070.       6297390.       6277720.    
   6258040.       6238360.       6218680.       6199000.       6179320.    
   6159640.       6139960.       6120280.       6100600.       6080920.    
   6061240.       6041560.       6021880.       6002200.       5982530.    
   5962850.       5943170.       5923490.       5903810.       5884130.    
   5864450.       5844770.       5825090.       5805410.       5785730.    
   5766050.       5746370.       5726690.       5707010.       5687330.    
   5667660.       5647980.       5628300.       5608620.       5588940.    
   5569260.       5549580.       5529900.       5510220.       5490540.    
   5470860.       5451180.       5431500.       5411820.       5392140.    
   5372460.       5352790.       5333110.       5313430.       5293750.    
   5274070.       5254390.       5234710.       5215030.       5195350.    
   5175670.       5155990.       5136310.       5116630.       5096950.    
   5077270.       5057600.       5037920.       5018240.       4998560.    
   4978880.       4959200.       4939520.       4919840.       4900160.    
   4880480.       4860800.       4841120.       4821440.       4801760.    
   4782080.       4762400.       4742730.       4723050.       4703370.    
   4683690.       4664010.       4644330.       4624650.       4604970.    
   4585290.       4565610.       4545930.       4526250.       4506570.    
   4486890.       4467210.       4447540.       4427860.       4408180.    
   4388500.       4368820.       4349140.       4329460.       4309780.    
   4290100.       4270420.       4250740.       4231060.       4211380.    
   4191700.       4172020.       4152340.       4132670.       4112990.    
   4093310.       4073630.       4053950.       4034270.       4014590.    
   3994910.       3975230.       3955550.       3935870.       3916190.    
   3896510.       3876830.       3857150.       3837470.       3817800.    
   3798120.       3778440.       3758760.       3739080.       3719400.    
   3699720.       3680040.       3660360.       3640680.       3621000.    
   3601320.       3581640.       3561960.       3542280.       3522610.    
   3502930.       3483250.       3463570.       3443890.       3424210.    
   3404530.       3384850.       3365170.       3345490.       3325810.    
   3306130.       3286450.       3266770.       3247090.       3227410.    
   3207740.       3188060.       3168380.       3148700.       3129020.    
   3109340.       3089660.       3069980.       3050300.       3030620.    
   3010940.       2991260.       2971580.       2951900.       2932220.    
   2912550.       2892870.       2873190.       2853510.       2833830.    
   2814150.       2794470.       2774790.       2755110.       2735430.    
   2715750.       2696070.       2676390.       2656710.       2637030.    
   2617350.       2597680.       2578000.       2558320.       2538640.    
   2518960.       2499280.       2479600.       2459920.       2440240.    
   2420560.       2400880.       2381200.       2361520.       2341840.    
   2322160.       2302480.       2282810.       2263130.       2243450.    
   2223770.       2204090.       2184410.       2164730.       2145050.    
   2125370.       2105690.       2086010.       2066330.       2046650.    
   2026970.       2007290.       1987620.       1967940.       1948260.    
   1928580.       1908900.       1889220.       1869540.       1849860.    
   1830180.       1810500.       1790820.       1771140.       1751460.    
   1731780.       1712100.       1692420.       1672750.       1653070.    
   1633390.       1613710.       1594030.       1574350.       1554670.    
   1534990.       1515310.       1495630.       1475950.       1456270.    
   1436590.       1416910.       1397230.       1377560.       1357880.    
   1338200.       1318520.       1298840.       1279160.       1259480.    
   1239800.       1220120.       1200440.       1180760.       1161080.    
   1141400.       1121720.       1102040.       1082360.       1062690.    
   1043010.       1023330.       1003650.       983968.0       964289.0    
   944609.0       924930.0       905251.0       885571.0       865892.0    
   846212.0       826533.0       806854.0       787174.0       767495.0    
   747816.0       728136.0       708457.0       688778.0       669098.0    
   649419.0       629739.0       610060.0       590381.0       570701.0    
   551022.0       531343.0       511663.0       491984.0       472305.0    
   452625.0       432946.0       413267.0       393587.0       373908.0    
   354228.0       334549.0       314870.0       295190.0       275511.0    
   255832.0       236152.0       216473.0       196794.0       177114.0    
   157435.0       137756.0       118076.0       98396.80       78717.41    
   59038.10       39358.70       19679.40      9.9999997E-06  0.0000000E+00
